order	parent	diameter (m)	volume (L)	area (m^2)	length (m)	height (m)	angle (deg)	azimuth (deg)	zenith (deg)
0	0	0.1989	189.471	4.3386	7.944	0	0	-18.1	5
1	1	0.0477	1.7991	0.2537	3.506	1.947	50.1	-148.3	49.9
1	1	0.0497	2.7228	0.2654	2.607	1.971	69	68.6	65.6
1	1	0.0567	3.0648	0.3503	3.937	1.99	43	-23.1	47.3
1	1	0.0409	1.8276	0.2359	3.082	2.202	87.3	-93.4	88.9
1	1	0.0346	1.3274	0.2171	3.119	2.258	54.8	149	48.1
0	0	0	0	0	0	0	0	0	0
1	1	0.0366	0.7585	0.1428	2.45	2.364	90.9	-106.7	89.6
1	1	0.0415	1.4401	0.2113	2.914	2.614	78.5	21	78.4
1	1	0.0306	1.5195	0.2351	3.17	2.634	54.4	-88.6	57.3
1	1	0.0279	0.3418	0.0646	1.11	2.684	92	141.6	88.3
1	1	0.0383	1.1448	0.1853	2.643	2.822	84.3	15.4	87.3
1	1	0.0098	0.0613	0.0249	0.807	2.919	85.1	-65.1	88.5
1	1	0.0439	1.7461	0.2201	2.495	2.86	79.8	143.6	79.4
1	1	0.0319	0.3974	0.0735	1.188	3.003	89.8	-135.6	89.4
1	1	0.049	1.8138	0.2433	2.971	3.154	74.4	16	76.3
1	1	0.0288	0.5164	0.0816	1.115	6.646	11.6	69.6	19.9
2	1338	0.0311	2.906	0.5066	7.869	3.401	89.1	-158.7	93.9
2	1338	0.0441	1.8629	0.2061	2.053	3.476	54.8	-19.2	55.2
2	1338	0.0431	2.7787	0.3145	3.397	3.405	45.2	75.1	36.9
2	1338	0.0157	0.06	0.0171	0.393	4.057	128.2	10.4	103.3
2	1338	0.0291	0.2942	0.0404	0.441	3.619	100.3	-71.6	104.7
2	1338	0.0394	1.3964	0.2182	2.855	3.585	59	-65.7	65.5
2	1338	0.0263	1.0012	0.1883	2.997	4.22	47	-94.1	103.8
2	1338	0.0145	0.0969	0.0272	0.613	4.194	84.3	-116.3	133.4
2	1338	0.0162	0.6164	0.1604	3.357	6.828	172.5	-20.8	122.3
0	0	0	0	0	0	0	0	0	0
2	1338	0.0417	0.6478	0.0621	0.474	4.114	90.5	163.1	100.9
2	1338	0.0276	0.9212	0.1636	2.398	3.713	71.4	-116.5	76.5
2	1338	0.0798	0.9187	0.0841	0.726	3.85	84.7	167.5	83.8
2	1338	0.0313	1.5989	0.2397	3.188	4.205	42.1	72.6	33.9
2	1338	0.0178	0.3446	0.0881	1.806	4.391	82.6	-163.4	85.5
2	1338	0.0166	0.2159	0.043	0.711	4.507	86.1	142.5	94.7
2	1338	0.0326	0.4371	0.0587	0.672	4.589	73.3	15.3	79.7
3	1353	0.0136	0.8576	0.1585	2.803	4.68	87.7	-52.8	79.8
3	1353	0.0411	0.2657	0.0259	0.2	4.776	47.4	-0.1	44.1
0	0	0	0	0	0	0	0	0	0
3	1353	0.0192	0.6784	0.1287	2.14	4.839	51.9	-136.2	55.8
3	1353	0.0189	0.5653	0.113	1.957	4.906	50.4	170.5	57.5
3	1353	0.036	0.5277	0.0587	0.52	4.878	83	50.2	77.2
3	1353	0.012	0.0197	0.0066	0.174	4.931	69.2	28	61.8
3	1353	0.0132	0.2806	0.0351	0.448	5.065	80.8	-148.5	78.8
3	1353	0.0133	0.059	0.0168	0.381	5.11	99.8	62.6	100.3
3	1353	0.0112	0.0724	0.0243	0.651	5.137	106.2	-59.4	104
3	1353	0.0155	0.1467	0.0328	0.595	5.197	76.7	2.7	75.4
3	1353	0.0154	0.0237	0.0062	0.127	5.191	78.6	134.2	83.6
3	1353	0.03	0.9404	0.1424	1.865	5.042	40.1	-57.6	71.7
3	1353	0.0157	0.1496	0.043	1.007	5.276	80.8	101.2	81.4
3	1353	0.0198	0.2444	0.0588	1.184	5.276	54.5	-57.2	54.6
3	1353	0.0132	0.4536	0.0755	1.068	5.38	75	160	72.2
3	1353	0.0154	0.2329	0.0431	0.74	5.481	50	172.8	42.7
3	1353	0.0272	0.497	0.1059	1.934	5.537	26.8	-13.4	34.6
3	1353	0.0189	0.3637	0.074	1.263	5.623	63.4	-99.7	23.3
0	0	0	0	0	0	0	0	0	0
3	1353	0.005	0.0154	0.0123	0.782	5.781	74.5	-41.6	39
3	1353	0.0159	0.0585	0.0147	0.294	5.81	93	-9.8	16.7
4	1420	0.0198	0.363	0.0809	1.473	6.408	146.4	-11.9	130.5
5	1482	0.0136	0.0918	0.0206	0.385	6.114	20.4	-40.4	131.6
2	2	0.0205	0.4684	0.1103	2.161	2.152	57.3	131	67.4
0	0	0	0	0	0	0	0	0	0
2	2	0.0122	0.7764	0.1626	2.819	2.249	134	-42.8	117
2	2	0.0252	0.7113	0.1577	2.936	2.231	9.5	-97.1	93.9
2	2	0.0119	0.07	0.024	0.658	3.324	124.8	-89.2	128.1
2	2	0.0163	0.3012	0.0835	1.868	2.241	36	169.8	99.9
2	2	0.011	0.1283	0.0365	0.877	2.291	79.5	-62.7	49.9
2	2	0.0211	1.066	0.1707	2.321	2.209	124.7	-55.7	93.1
2	2	0.0139	0.1718	0.0402	0.832	2.429	72.3	150.5	115.3
2	2	0.0133	0.0687	0.0242	0.689	2.44	62.7	-107.8	125.7
2	2	0.0104	0.1281	0.0351	0.818	2.52	46.1	160.1	82.2
2	2	0.012	0.0163	0.0054	0.144	2.521	49	-134.5	112.5
2	2	0.0122	0.1646	0.0461	1.048	2.611	112.9	67.4	65.1
2	2	0.0126	0.0694	0.0229	0.618	2.693	90.5	44	40.3
2	2	0.0152	0.1152	0.0322	0.74	2.951	76.5	-66.6	92.4
3	1339	0.0421	2.6443	0.2515	1.903	3.67	70.1	-163.6	173.6
4	1366	0.0117	0.0268	0.0093	0.255	2.697	162.2	173.6	50.9
4	1366	0.0119	0.0245	0.0082	0.22	2.533	163.7	-161.7	46.8
2	3	0.0308	0.7994	0.147	2.419	2.066	85.5	109.4	75.5
2	3	0.0279	0.5425	0.0835	1.127	2.1	30.4	39.2	72.4
2	3	0.0224	0.6046	0.1234	2.197	2.07	37.1	80.3	74.3
3	1340	0.0205	0.1879	0.035	0.525	1.956	70.8	53.6	113.8
0	0	0	0	0	0	0	0	0	0
0	0	0	0	0	0	0	0	0	0
5	1433	0.0136	0.0161	0.0047	0.111	1.74	87.9	95.8	67.8
2	4	0.0154	0.5781	0.0542	0.551	2.165	111.4	36.7	146.7
2	4	0.0223	0.9859	0.1982	3.414	2.234	59.6	-12.9	114.8
2	4	0.0127	0.0359	0.0113	0.281	2.337	103	128.4	42.1
2	4	0.0409	1.3252	0.1536	1.5	2.371	67.5	17.1	100.4
2	4	0.0187	0.0784	0.0168	0.286	2.441	56.9	-72	86.6
2	4	0.0113	0.0247	0.0088	0.248	2.511	39.9	-51.6	96.3
2	4	0.0155	0.3652	0.0936	1.939	2.582	64.4	16.6	85.5
2	4	0.0154	0.2766	0.0731	1.538	2.629	53.7	-14	98.7
2	4	0.0265	0.3802	0.069	1.064	2.767	58.6	6.3	81.2
2	4	0.0118	0.0916	0.0285	0.719	2.885	45.8	-128.4	80.6
2	4	0.0115	0.113	0.0328	0.78	3.153	65	-1.5	78.3
2	4	0.018	0.2724	0.0643	1.228	3.359	103	166.5	99.9
0	0	0	0	0	0	0	0	0	0
2	4	0.0151	0.1575	0.0416	0.876	3.891	112.9	18.4	107.5
2	4	0.0128	0.0273	0.0085	0.212	3.402	90.2	36.1	69.4
2	4	0.0121	0.13	0.0362	0.836	3.369	55.6	15.4	60.4
2	4	0.0143	0.6417	0.1454	2.721	3.325	61.9	20.1	54.2
2	4	0.0151	0.2843	0.0714	1.44	3.416	81.4	-51.4	96.2
2	4	0.0106	0.0325	0.0109	0.293	3.53	75.3	-29.4	92.9
2	4	0.0116	0.1731	0.049	1.118	3.597	50.8	-75.3	76.9
2	4	0.0165	0.3212	0.086	1.853	3.581	87.3	145.5	68.1
2	4	0.0138	0.1702	0.0468	1.03	3.847	50.4	-77.8	76.4
2	4	0.0131	0.1633	0.0453	1.003	3.847	40	-5.6	48.6
2	4	0.0153	0.1296	0.0346	0.75	4.031	45.6	-53.9	61.5
2	4	0.0157	0.0444	0.0129	0.376	4.025	38.7	157.5	26
2	4	0.0155	0.1143	0.0294	0.604	4.357	29.7	-60.5	84
2	4	0.0167	0.09	0.0216	0.411	4.44	88.8	-60.6	102.6
2	4	0.0134	0.4783	0.1265	2.675	4.465	52.9	-157.3	51.3
3	1341	0.0126	0.1057	0.0334	0.842	4.106	108.5	20.2	97.3
3	1341	0.0136	0.0675	0.02	0.47	4.27	126.3	-49.5	74.6
3	1341	0.0156	0.1188	0.0327	0.717	4.253	76.3	-102	34.3
3	1341	0.0195	0.1353	0.0277	0.451	4.173	92	-118.8	106.9
0	0	0	0	0	0	0	0	0	0
2	5	0.0129	0.11	0.0294	0.647	2.183	45.3	-77.7	68.6
2	5	0.0108	0.0824	0.0256	0.639	2.19	45.3	-98.6	137
0	0	0	0	0	0	0	0	0	0
2	5	0.0202	0.5175	0.1009	1.567	2.183	41.6	159.2	78.7
2	5	0.0164	0.2189	0.0441	0.727	2.23	59.5	-109.2	79.5
2	5	0.0118	0.1418	0.0338	0.66	2.234	67.3	11.2	103.1
2	5	0.0158	0.2087	0.0612	1.453	2.271	129.5	3.3	128.5
2	5	0.0151	0.5622	0.0967	1.417	2.408	101.3	-8.3	80.4
0	0	0	0	0	0	0	0	0	0
2	5	0.0133	0.0655	0.0187	0.427	2.39	51	-67.6	108.3
2	5	0.0092	0.0109	0.0047	0.163	2.519	63.8	-145.9	57.9
2	5	0.0109	0.0861	0.0271	0.688	2.535	65.2	4.6	76.6
2	5	0.0093	0.0461	0.0166	0.481	2.535	46.3	-82.3	97.2
2	5	0.0135	0.3833	0.1151	2.757	2.838	113.8	-170.3	100.6
2	5	0.0136	0.1422	0.0419	0.98	2.833	132.6	151.6	138
2	5	0.0119	0.0425	0.0141	0.375	2.995	74.5	30.8	47.7
2	5	0.0107	0.0365	0.0124	0.339	3.027	83.1	-151.4	57.7
2	5	0.013	0.0541	0.0168	0.416	3.031	59.5	-47.2	21
2	6	0.0119	0.172	0.0446	0.948	2.514	52.1	117.4	112.2
2	6	0.0121	0.0408	0.0135	0.361	2.52	35.5	165.3	106.4
2	6	0.0151	0.58	0.1207	2.025	2.628	61.2	97	91.3
2	6	0.0132	0.1132	0.0311	0.696	2.637	59	-140.6	81.1
2	6	0.0074	0.0075	0.0041	0.175	2.648	67.9	-122.8	71.2
2	6	0.0187	0.0402	0.0086	0.147	2.67	71.6	77.8	54.7
2	6	0.0229	0.3535	0.0693	1.116	2.74	71.7	-127.5	104.3
2	6	0.0128	0.0739	0.0249	0.675	2.736	95.5	48.3	56.8
2	6	0.005	0.0116	0.0093	0.591	2.753	136.6	-123.3	124.4
0	0	0	0	0	0	0	0	0	0
2	6	0.0121	0.2096	0.0563	1.239	2.789	48.9	-160.4	90.8
2	6	0.0136	0.0909	0.0297	0.78	2.858	42.1	106.4	52.6
2	6	0.0144	0.1972	0.0562	1.282	2.908	73.6	-126.7	82.5
2	6	0.0145	0.0765	0.0231	0.559	2.971	113.9	-3.4	36.8
2	6	0.0115	0.097	0.0305	0.767	2.97	91.3	139.7	112.7
2	6	0.0125	0.0924	0.0286	0.716	2.976	41.6	-178.2	97.6
2	6	0.005	0.0127	0.0102	0.649	3.139	127.7	-40.6	98.3
2	6	0.0099	0.0143	0.0058	0.185	3.239	64	-84.2	59.6
0	0	0	0	0	0	0	0	0	0
2	6	0.0104	0.0257	0.0091	0.256	3.454	57.9	153.7	72.8
2	6	0.0132	0.0519	0.0157	0.379	3.477	50.6	-82	69.3
2	6	0.011	0.0596	0.0189	0.48	3.511	65.2	124.8	54.6
3	1343	0.0086	0.0631	0.0211	0.573	2.455	81	11.6	76.9
2	9	0.0185	0.0901	0.0195	0.335	2.607	43	-18.4	113.1
2	9	0.0211	1.2062	0.2561	4.448	2.657	45.5	8	72.4
2	9	0.0133	0.2435	0.0549	1.006	2.669	67.5	23.5	133.9
2	9	0.0104	0.0353	0.0134	0.402	2.7	48.9	106.3	38.4
0	0	0	0	0	0	0	0	0	0
2	9	0.0123	0.0649	0.0198	0.487	2.704	57.5	131.4	75.1
2	9	0.0127	0.0965	0.0267	0.594	2.695	30.4	93.3	113
2	9	0.0162	0.2621	0.0575	1.008	2.719	51.6	24.9	54.3
0	0	0	0	0	0	0	0	0	0
0	0	0	0	0	0	0	0	0	0
2	9	0.0138	0.1674	0.0479	1.118	2.795	66.2	146.8	66.4
2	9	0.0083	0.0229	0.0098	0.339	2.775	69.2	-24.5	92.7
2	9	0.0129	0.0975	0.0302	0.749	2.871	20.9	-33.5	19.3
3	1344	0.0107	0.1013	0.0308	0.765	2.841	24.4	2.1	99.1
3	1344	0.0157	0.0888	0.0226	0.458	2.74	29.3	-50.7	87.6
3	1344	0.0127	0.1007	0.0309	0.755	2.496	55.7	-116.2	90
4	1393	0.0078	0.0273	0.01	0.302	2.435	114.7	22.1	112.6
4	1393	0.0118	0.1455	0.0492	1.325	2.408	66.8	48	63
5	1447	0.0118	0.0239	0.0081	0.219	2.337	111.7	-100.7	117.9
5	1447	0.0099	0.0412	0.0143	0.405	2.3	37.3	3.3	80.2
0	0	0	0	0	0	0	0	0	0
2	10	0.0207	0.4017	0.0894	1.651	2.879	39.8	-57.5	83.4
2	10	0.0066	0.0016	0.0009	0.046	2.966	117.2	-159	139.2
2	10	0.0165	0.1823	0.0418	0.765	3.137	98.1	-52	160.2
2	10	0.0143	0.142	0.0321	0.597	3.031	41.5	-93.8	40.7
0	0	0	0	0	0	0	0	0	0
0	0	0	0	0	0	0	0	0	0
2	10	0.0127	0.0278	0.0087	0.218	3.105	83.4	143.3	48.6
0	0	0	0	0	0	0	0	0	0
0	0	0	0	0	0	0	0	0	0
2	10	0.015	0.0885	0.0232	0.483	3.2	59.5	-40.8	77.3
2	10	0.0144	0.4705	0.1033	1.868	3.349	61.8	-163.3	42.6
2	10	0.0094	0.0497	0.0166	0.457	3.484	86.6	-174.9	72.3
2	10	0.0119	0.1134	0.0325	0.755	3.463	32.5	-74.3	92.8
0	0	0	0	0	0	0	0	0	0
2	10	0.0163	0.3016	0.0806	1.733	3.589	64.3	155.2	49.7
2	11	0.0118	0.0429	0.0136	0.346	2.504	62.7	18.6	97.6
3	1346	0.005	0.0081	0.0065	0.414	2.683	32.3	144.9	103.8
4	1400	0.0146	0.0514	0.014	0.305	2.725	142.6	44.7	81
2	12	0.0098	0.012	0.0049	0.16	2.891	49.7	-23.8	115
2	12	0.0141	0.032	0.0091	0.206	2.913	55	-29.8	116.5
2	12	0.0117	0.0676	0.0218	0.569	2.918	41.2	58.9	56.4
2	12	0.0135	0.1541	0.04	0.838	2.959	49.9	23.5	124.4
2	12	0.0106	0.1187	0.0372	0.938	2.999	70.1	-78.3	61.8
2	12	0.0164	0.3039	0.0807	1.715	2.986	76.4	72	94
2	12	0.0157	0.1901	0.0508	1.086	3.011	39	-33.9	97.2
2	12	0.0127	0.0372	0.0117	0.293	2.994	9.9	2.6	98.9
2	12	0.0121	0.1109	0.0346	0.867	3.082	40.6	-9	110.5
2	12	0.0141	0.2305	0.0665	1.538	3.101	43.1	48.1	104.5
2	12	0.0139	0.1749	0.0496	1.123	3.114	60.5	70.7	59.1
2	12	0.0116	0.0353	0.0121	0.333	3.271	42.9	-58.1	59.2
3	1347	0.0173	0.0763	0.0176	0.324	3.611	86	34.7	80.2
3	1347	0.014	0.0614	0.0175	0.399	3.663	112.3	178.3	97.9
3	1347	0.0153	0.1107	0.03	0.652	3.687	62.8	-78.6	37.4
3	1347	0.0162	0.0659	0.0163	0.322	3.694	42.9	21	106.2
3	1347	0.0149	0.136	0.0347	0.709	3.661	111.5	-177.2	135.8
3	1347	0.0131	0.089	0.0256	0.593	3.633	37.7	-122.5	96
3	1347	0.0145	0.0571	0.016	0.355	3.837	55.3	6.5	71.4
2	13	0.0173	0.0935	0.0216	0.396	2.94	89.5	24.6	82.1
2	14	0.0107	0.0305	0.0105	0.291	2.942	70.2	168.7	107.8
2	14	0.0114	0.0169	0.0059	0.164	2.945	73.9	46.3	128.3
2	14	0.0117	0.1422	0.0293	0.508	3.072	49.9	157.4	74.4
2	14	0.0117	0.5307	0.0975	1.542	3.097	73	-0.7	19.9
0	0	0	0	0	0	0	0	0	0
2	14	0.0113	0.2741	0.0447	0.633	3.098	33.5	70.3	102.7
2	14	0.0125	0.1481	0.0303	0.508	3.175	63.1	-51.4	55.9
2	14	0.0177	0.1816	0.0459	0.95	3.157	30.8	146.7	103.7
2	14	0.0126	0.1492	0.0451	1.099	3.246	67.6	-172.3	54.1
2	14	0.0137	0.0896	0.025	0.565	3.293	80.2	-7.3	69.5
2	14	0.0154	0.0329	0.0086	0.177	3.397	96.6	-20.7	93.4
2	14	0.0129	0.3916	0.1034	2.192	3.331	37	96.4	76.1
2	14	0.012	0.0848	0.0266	0.673	3.506	58.8	-152.4	60.8
0	0	0	0	0	0	0	0	0	0
2	14	0.0126	0.2598	0.0695	1.494	3.543	72.2	17.1	72
3	1349	0.0116	0.1351	0.0428	1.092	3.811	81	-55.4	69.7
3	1349	0.0135	0.1254	0.0386	0.948	3.61	166.5	160.6	77.5
4	1407	0.0128	0.0664	0.0205	0.506	4.193	60.4	138.7	63.5
4	1407	0.0123	0.0607	0.0198	0.514	4.215	70.5	30.4	68.9
0	0	0	0	0	0	0	0	0	0
2	15	0.0309	0.3415	0.0489	0.564	3.002	7.5	-136.4	96.8
2	15	0.0108	0.0158	0.0058	0.173	3.028	89.7	-89.6	20.5
2	16	0.0331	0.6608	0.0966	1.151	3.187	58.2	-45	60.6
2	16	0.0115	0.0312	0.0108	0.298	3.213	48.9	-17.3	34.7
2	16	0.011	0.1461	0.0367	0.757	3.21	81.8	-25.1	148.1
2	16	0.0105	0.083	0.0273	0.731	3.264	65.1	-52.3	88
2	16	0.0141	0.1332	0.0265	0.464	3.373	24.5	-29	59.4
2	16	0.0143	0.2094	0.0604	1.398	3.525	78.1	84.5	95.9
2	16	0.0112	0.0912	0.0257	0.6	3.461	33.6	10.3	100.2
0	0	0	0	0	0	0	0	0	0
2	16	0.0137	0.3145	0.0762	1.519	3.492	45.2	69.1	55.1
0	0	0	0	0	0	0	0	0	0
0	0	0	0	0	0	0	0	0	0
2	16	0.0138	0.1513	0.0438	1.022	3.729	70.5	59.7	87.7
2	16	0.0131	0.1474	0.0418	0.974	3.811	93.4	145.9	57.2
2	16	0.0238	0.2395	0.0402	0.537	4.214	6.3	141.8	167.7
3	1351	0.012	0.1015	0.0319	0.802	3.941	63	49.2	80.6
3	1351	0.0128	0.194	0.0586	1.415	3.903	136.6	-77.3	111.2
4	1410	0.0152	0.0838	0.0228	0.495	4.303	58.1	48.7	80.3
4	1410	0.014	0.0478	0.0142	0.337	4.339	62.8	178.1	43.3
4	1410	0.0133	0.0772	0.0228	0.538	4.35	60.7	93	71.6
1	1	0.0251	0.1948	0.0311	0.394	3.23	66.9	116.7	69.8
1	1	0.0345	0.9987	0.119	1.181	3.23	81.5	149.7	80.1
1	1	0.0158	0.1279	0.034	0.725	5.3	43.7	-48.5	47.2
0	0	0	0	0	0	0	0	0	0
0	0	0	0	0	0	0	0	0	0
1	1	0.0115	0.0991	0.032	0.832	3.813	115.3	20.5	120.9
0	0	0	0	0	0	0	0	0	0
0	0	0	0	0	0	0	0	0	0
1	1	0.0318	0.6385	0.0998	1.402	5.798	60.9	-83.3	62
1	1	0.0152	0.6	0.1011	1.588	6.603	86.8	-40.4	88.2
1	1	0.0151	0.1708	0.0471	1.042	6.138	63.4	72	65.3
1	1	0.0168	0.1454	0.039	0.837	6.212	58.8	-157.2	53.3
1	1	0.0145	0.156	0.0425	0.93	6.205	60	136.3	55.8
1	1	0.0136	0.2088	0.0532	1.109	6.147	40.2	4.4	46.1
1	1	0.0226	0.295	0.0696	1.356	6.557	133.4	-6.9	136.5
2	17	0.0147	0.0874	0.0235	0.503	7.158	29.9	45.3	97.2
3	1352	0.019	0.1076	0.0256	0.495	7.208	151	72	38
0	0	0	0	0	0	0	0	0	0
3	1352	0.0137	0.1061	0.029	0.638	7.113	159.3	173.5	27.6
3	1352	0.0138	0.0615	0.0178	0.409	7.074	131.6	-96.1	45.8
3	1352	0.0137	0.1858	0.0516	1.142	6.439	137.5	-159.9	38.9
0	0	0	0	0	0	0	0	0	0
3	1352	0.0145	0.1146	0.0288	0.587	6.726	122	-39	30.3
3	1352	0.0131	0.0362	0.0111	0.27	6.711	95.8	81.8	61.2
3	18	0.012	0.0411	0.0137	0.361	3.402	79.9	-85.7	49
3	18	0.0093	0.0506	0.0192	0.591	3.383	36.4	-158.2	50
3	18	0.012	0.0863	0.0262	0.668	3.388	50.3	-119	45.7
3	18	0.0132	0.0405	0.0133	0.349	3.478	67.2	125.3	83.6
3	18	0.0111	0.0994	0.0252	0.533	3.543	69.3	-110.5	104.4
3	18	0.0129	0.1896	0.0518	1.162	3.556	45.9	-112.3	63
3	18	0.0181	0.1316	0.0348	0.757	3.68	75.8	94.5	56.8
3	18	0.0139	0.0328	0.0094	0.216	3.682	50.8	-128.3	87.7
3	18	0.0134	0.0281	0.0084	0.199	3.781	94.2	73.8	67.1
3	18	0.0143	0.1796	0.0487	1.056	3.805	58.7	-101.9	72.9
3	18	0.0124	0.0659	0.0206	0.514	3.904	83.9	66.9	56.2
3	18	0.0139	0.1415	0.0408	0.938	3.939	41.2	-117.1	54.4
3	18	0.0144	0.1429	0.0407	0.924	4.073	39.3	-139.8	68.5
3	18	0.0102	0.015	0.0059	0.183	4.207	64.4	-138.7	83.3
0	0	0	0	0	0	0	0	0	0
3	18	0.0125	0.0416	0.0137	0.358	4.317	67.6	-87.8	60.9
3	18	0.005	0.0017	0.0014	0.087	4.457	118.9	25.1	97.2
3	18	0.0137	0.1176	0.0339	0.777	4.254	137.1	-165.3	16.8
3	18	0.0108	0.0248	0.0091	0.268	4.157	59.1	44.3	59.9
3	18	0.012	0.0473	0.0158	0.418	4.03	6.3	100.1	33.3
3	18	0.0129	0.0599	0.0181	0.435	4.116	113.7	107.3	41.8
3	18	0.0108	0.0269	0.0093	0.257	3.976	84.2	117	71.4
0	0	0	0	0	0	0	0	0	0
3	18	0.0131	0.1335	0.0396	0.938	3.485	105	154.7	83.5
4	1412	0.0123	0.1371	0.0401	0.939	3.579	79.6	-18.5	123.2
4	1412	0.0072	0.0097	0.0054	0.242	3.529	71	-106.5	42.5
4	1412	0.0128	0.1355	0.0451	1.204	3.623	92.6	176.6	76
4	1412	0.0107	0.0374	0.014	0.418	3.65	71.5	149.2	54.1
4	1412	0.0138	0.0717	0.0215	0.511	4.099	32.5	-23	57.2
0	0	0	0	0	0	0	0	0	0
0	0	0	0	0	0	0	0	0	0
0	0	0	0	0	0	0	0	0	0
4	1412	0.0114	0.0373	0.0127	0.346	4.157	54.4	-58.1	58.8
4	1412	0.0107	0.1524	0.0546	1.565	4.195	89.1	101.6	104.2
4	1412	0.0107	0.0299	0.0103	0.284	4.169	56	-112	33.9
4	1412	0.0107	0.0693	0.0247	0.703	4.331	47.7	-149.1	62
4	1412	0.0105	0.0185	0.007	0.214	4.455	85	-52.4	38.4
5	1460	0.012	0.0271	0.009	0.239	4.847	55.1	-127.6	53.9
0	0	0	0	0	0	0	0	0	0
0	0	0	0	0	0	0	0	0	0
3	19	0.005	0.0076	0.0061	0.389	3.543	76.4	55.6	107.3
3	19	0.0166	0.2283	0.0456	0.821	4.073	148.5	-164.2	119.1
3	19	0.0098	0.0376	0.0117	0.301	3.703	47.8	-29.6	98.2
3	20	0.015	0.1739	0.0464	0.987	4.388	7.7	-175.4	121.5
3	20	0.0139	0.1176	0.0311	0.669	3.625	80.7	135	99.7
0	0	0	0	0	0	0	0	0	0
3	20	0.0115	0.2183	0.0388	0.663	3.846	80.5	-21.4	49.6
3	20	0.0162	0.0791	0.0245	0.617	3.71	62.9	109.3	92.9
3	20	0.0114	0.0627	0.0217	0.599	3.873	122.6	-46.2	85.8
3	20	0.0103	0.1934	0.0274	0.556	3.751	55.6	54	89.6
3	20	0.0134	0.3423	0.0899	1.916	5.066	150.6	178.3	163.2
3	20	0.0191	0.2356	0.0575	1.156	4.541	151.1	-179.7	148.2
3	20	0.0141	0.016	0.0045	0.103	4.142	136.2	-175.4	143.7
3	20	0.0208	0.1677	0.0396	0.788	4.774	12.1	-36.7	148.8
4	1413	0.005	0.0065	0.0052	0.333	3.945	59.2	5.5	100.1
3	23	0.0093	0.0127	0.0055	0.186	3.65	64.4	-136.1	69.4
3	23	0.0113	0.033	0.0121	0.37	3.715	60.9	62.2	30.2
4	1414	0.0132	0.0853	0.0259	0.624	4.158	80.3	-76.2	98.9
3	24	0.0126	0.18	0.0478	1.026	4.162	73.3	-25	88.7
3	24	0.0136	0.1028	0.0309	0.765	4.358	59.7	-52.9	104.2
3	24	0.0166	0.0723	0.018	0.362	4.493	83.3	176.4	71.9
3	24	0.016	0.1692	0.0391	0.736	4.52	65.1	161.6	41.9
3	24	0.0158	0.1835	0.0507	1.126	4.593	75.5	13.7	45.5
3	24	0.0252	0.4342	0.0797	1.198	5.327	145.3	-83.1	136
3	26	0.0143	0.0617	0.0172	0.381	5.655	121.4	138.8	31.8
0	0	0	0	0	0	0	0	0	0
3	29	0.0112	0.019	0.0068	0.191	3.865	49.5	-163.4	53.3
3	29	0.0123	0.0221	0.0072	0.186	3.939	33.2	-135.3	117.9
3	29	0.0215	0.2889	0.0581	0.944	4.29	171.1	39.9	129.3
3	29	0.019	0.3021	0.069	1.277	3.97	36.5	-114.3	55.5
0	0	0	0	0	0	0	0	0	0
0	0	0	0	0	0	0	0	0	0
3	31	0.0135	0.1214	0.0305	0.697	4.373	59	105.2	86.8
3	31	0.0161	0.1035	0.0244	0.457	4.461	125.4	-47.7	112.6
3	31	0.0114	0.5477	0.108	1.764	4.448	69.7	157.3	69
3	31	0.0138	0.3758	0.0649	0.942	4.521	75.4	40.9	109.4
3	31	0.0128	0.0673	0.0199	0.469	4.58	31.8	143.5	60.4
3	31	0.0163	0.1446	0.0379	0.794	4.54	10.4	72.8	75
3	31	0.0157	0.3355	0.0841	1.687	4.832	60.4	168.3	72.8
3	31	0.0156	0.2194	0.0568	1.182	5.395	29.7	132.5	151.5
3	31	0.0134	0.0605	0.0181	0.433	5.754	63.4	-117.4	57.3
4	1418	0.0147	0.2826	0.0701	1.418	4.958	97	149.7	68.8
4	1418	0.0162	0.3365	0.079	1.497	5.058	107.9	108	57.6
4	1418	0.0142	0.1368	0.0368	0.791	5.04	26.1	-164.7	115.7
4	1418	0.0168	0.105	0.0264	0.533	4.946	12.1	84.5	47.8
4	1418	0.0157	0.2182	0.0571	1.191	4.981	48.1	103.4	36
4	1418	0.0295	0.236	0.0485	0.87	4.964	99.5	-136.9	18.9
4	1418	0.0193	0.2949	0.0435	0.537	4.988	28.3	73.7	60.7
4	1418	0.0124	0.0217	0.007	0.179	4.993	26.5	5.2	75.9
0	0	0	0	0	0	0	0	0	0
4	1418	0.0158	0.2106	0.0545	1.126	5.085	26	16.7	51.2
4	1418	0.0239	0.1821	0.0371	0.655	4.985	131.1	95.3	152.5
4	1418	0.0178	0.4945	0.1196	2.342	4.723	145.9	73.2	42.4
4	1418	0.0123	0.0633	0.0198	0.495	4.657	133	-30.5	65.4
4	1418	0.0135	0.1267	0.0367	0.847	4.613	110.6	135.9	49.9
4	1418	0.0155	0.2489	0.0616	1.228	4.565	87.2	28.3	97.9
0	0	0	0	0	0	0	0	0	0
0	0	0	0	0	0	0	0	0	0
4	1418	0.0122	0.0853	0.0268	0.672	4.812	19.3	57.7	65.9
4	1418	0.0158	0.2311	0.0602	1.247	4.751	61.9	-118.2	19.8
3	32	0.0123	0.0351	0.0114	0.296	4.448	65.9	127.5	54.4
3	32	0.021	0.1656	0.0357	0.633	4.504	64.1	-99.2	84.8
0	0	0	0	0	0	0	0	0	0
3	32	0.0168	0.0656	0.0179	0.402	4.622	81.7	89.2	38.9
3	32	0.0133	0.0812	0.023	0.522	4.649	75	136.1	54.6
3	32	0.014	0.0648	0.0187	0.431	4.68	94	147.5	135
3	33	0.0121	0.0275	0.0091	0.238	4.504	80.4	-165.8	113.1
0	0	0	0	0	0	0	0	0	0
4	35	0.0158	0.086	0.0217	0.437	4.695	63.4	10.7	89.7
0	0	0	0	0	0	0	0	0	0
4	35	0.0209	0.0813	0.0156	0.238	4.725	100.3	-125	71.9
0	0	0	0	0	0	0	0	0	0
4	35	0.0217	0.122	0.0225	0.33	4.691	62.2	-167.3	167.2
4	35	0.0127	0.1088	0.0316	0.738	4.662	83.4	-21.1	117.9
4	35	0.0136	0.3832	0.106	2.348	4.706	85.8	118.5	70
4	35	0.0132	0.1044	0.0312	0.745	4.7	66.2	4.9	103.7
4	35	0.0134	0.1315	0.0356	0.782	4.722	125.5	-127.9	75.6
4	35	0.0126	0.0507	0.016	0.4	5.075	78.4	-44.8	82.4
5	1475	0.0145	0.2355	0.0639	1.384	4.728	42.7	-49.9	76
0	0	0	0	0	0	0	0	0	0
5	1475	0.0122	0.0558	0.0169	0.409	5.196	67.6	72.2	92.8
0	0	0	0	0	0	0	0	0	0
5	1475	0.0131	0.0425	0.0133	0.333	5.268	80	-26	51.5
5	1475	0.0127	0.0344	0.0109	0.273	5.252	103.4	-55.5	63.1
5	1475	0.0152	0.1588	0.0448	1.01	5.507	159.3	-39.6	56.6
5	1475	0.0146	0.0634	0.018	0.41	5.517	45	99	75.7
5	1475	0.0113	0.0504	0.0172	0.467	5.525	76.5	123.7	30.8
0	0	0	0	0	0	0	0	0	0
5	1475	0.0202	0.2056	0.0446	0.775	5.108	56.4	39.3	53.4
0	0	0	0	0	0	0	0	0	0
6	1508	0.016	0.0596	0.0173	0.406	5.041	132.8	104	50.2
0	0	0	0	0	0	0	0	0	0
6	1508	0.0111	0.021	0.0076	0.217	5.022	94.7	88.9	73.8
0	0	0	0	0	0	0	0	0	0
4	38	0.0158	0.1684	0.0461	1.012	5.053	64.2	-64	64.7
4	38	0.0175	0.168	0.0409	0.833	5.119	28	173.2	63.4
4	38	0.0117	0.0267	0.0091	0.249	5.201	78.7	-41.1	80.6
4	38	0.015	0.0786	0.024	0.59	5.21	59.8	160.6	66.5
4	38	0.015	0.0709	0.0199	0.446	5.224	57.9	-83.9	92.1
4	38	0.0138	0.0597	0.0174	0.407	5.336	40	-107.3	80.3
4	38	0.0127	0.1211	0.0327	0.71	5.299	43.7	170.5	39.9
0	0	0	0	0	0	0	0	0	0
4	38	0.0148	0.1121	0.0316	0.713	5.529	42.3	-148.6	57.1
4	39	0.0154	0.2658	0.0697	1.457	5.826	143.8	20.4	80.4
4	39	0.005	0.0044	0.0035	0.223	5.297	96.1	-101.2	63.7
0	0	0	0	0	0	0	0	0	0
5	1476	0.0125	0.0543	0.0174	0.446	5.773	43.5	179	74.5
5	1476	0.0114	0.0354	0.0123	0.34	5.74	36.8	-117.2	69.7
4	45	0.0136	0.0377	0.0111	0.258	5.238	50.9	-41.1	94.9
4	47	0.0142	0.1047	0.0295	0.66	5.965	151.6	173	133.1
4	47	0.0152	0.0822	0.0227	0.502	5.804	43.9	-159.4	133.8
0	0	0	0	0	0	0	0	0	0
4	47	0.012	0.0309	0.0103	0.273	5.803	55	135.7	140.7
0	0	0	0	0	0	0	0	0	0
0	0	0	0	0	0	0	0	0	0
4	49	0.0133	0.0325	0.0098	0.235	5.438	37.4	-36.6	100.8
5	1479	0.0107	0.0126	0.0047	0.14	5.487	70.5	-139.6	89
4	51	0.005	0.0089	0.0071	0.454	5.64	93.5	161.1	50.6
4	52	0.0106	0.1605	0.0461	1.087	5.839	31.2	57.2	78.1
4	52	0.0159	0.0356	0.0089	0.179	5.905	59.7	30.5	88.5
4	52	0.0138	0.0311	0.009	0.208	5.911	98.5	179.3	46.7
5	1480	0.015	0.0328	0.0096	0.226	5.964	69.7	105	51.2
5	1480	0.0127	0.161	0.0395	0.794	6.058	67.8	34.2	68.6
5	1480	0.0149	0.2936	0.0682	1.274	6.07	51.9	-140.4	50.2
0	0	0	0	0	0	0	0	0	0
0	0	0	0	0	0	0	0	0	0
5	1480	0.014	0.1132	0.0321	0.727	6.982	147.5	-96	161.4
0	0	0	0	0	0	0	0	0	0
6	1511	0.0116	0.0274	0.0094	0.258	6.472	115.4	-120.8	44.8
6	1511	0.0139	0.0772	0.0243	0.613	6.408	134.6	10.4	67.2
0	0	0	0	0	0	0	0	0	0
0	0	0	0	0	0	0	0	0	0
6	1511	0.0132	0.0193	0.0059	0.141	6.158	65	92.6	56.4
6	1511	0.0139	0.0314	0.009	0.206	6.396	50.3	18.2	80.7
0	0	0	0	0	0	0	0	0	0
0	0	0	0	0	0	0	0	0	0
0	0	0	0	0	0	0	0	0	0
3	1353	0.014	0.1006	0.0293	0.689	5.791	120.8	-124.6	103.3
3	1353	0.0124	0.095	0.0306	0.785	5.866	100.6	167.7	64
0	0	0	0	0	0	0	0	0	0
3	1353	0.0187	0.1323	0.0284	0.484	5.823	54.1	-70.3	7.5
0	0	0	0	0	0	0	0	0	0
3	1353	0.0131	0.0919	0.0267	0.621	6.281	52	23.8	66.3
0	0	0	0	0	0	0	0	0	0
4	55	0.0124	0.0919	0.0296	0.761	6.367	87.6	162.8	51.1
0	0	0	0	0	0	0	0	0	0
4	1420	0.014	0.0594	0.0176	0.416	6.313	33.1	123.9	44.9
6	58	0.0134	0.0318	0.0095	0.226	5.942	125.4	-150	62.7
3	59	0.0121	0.0295	0.0097	0.256	2.086	54.5	166.8	58.5
3	59	0.0153	0.094	0.0284	0.697	2	70.9	101.9	57.9
3	59	0.0106	0.0422	0.0139	0.37	1.978	78.8	91	73.2
3	59	0.0058	0.0054	0.0037	0.202	1.97	47.8	156.1	52.8
3	59	0.0119	0.1179	0.0399	1.078	1.927	55.1	114.5	76.1
0	0	0	0	0	0	0	0	0	0
3	61	0.0181	0.0607	0.0134	0.235	2.123	112.5	105.1	117.7
3	61	0.0091	0.0288	0.0118	0.392	2.125	79	-21.9	107.7
3	61	0.0143	0.0352	0.0098	0.219	2.071	62.2	18.1	153.2
3	61	0.0145	0.0721	0.0208	0.483	2.098	70.6	-151.4	55.5
3	61	0.0116	0.0988	0.0285	0.666	2.022	55.9	-43.2	100.5
0	0	0	0	0	0	0	0	0	0
0	0	0	0	0	0	0	0	0	0
3	61	0.0119	0.0662	0.0208	0.522	2.024	44.1	-57	97.5
3	61	0.0104	0.0968	0.0282	0.692	2.126	50.9	-61.5	94.5
3	61	0.0137	0.0576	0.0157	0.341	2.164	61.1	165	27.4
3	61	0.0175	0.2775	0.0643	1.196	2.49	96.5	113.3	116.1
4	1360	0.0105	0.0189	0.0072	0.219	2.342	158.6	51	67.2
0	0	0	0	0	0	0	0	0	0
4	1361	0.0109	0.0266	0.0097	0.283	3.074	106	-20.8	57.9
4	1361	0.0161	0.0625	0.0167	0.357	3.083	60.4	163.1	48.4
4	1361	0.012	0.014	0.0047	0.123	3.41	94	75.5	62.9
4	1362	0.0099	0.0169	0.0068	0.221	3.205	77.1	178.2	61.8
4	1362	0.0106	0.0323	0.0119	0.352	3.217	42.1	-118.1	53.2
4	1362	0.0101	0.0098	0.0039	0.123	3.217	77.9	-42.2	39.9
3	64	0.0099	0.0085	0.0034	0.11	2.174	68.8	-156.4	61.4
3	64	0.0061	0.0176	0.0114	0.586	2.084	44.1	-178.5	76.6
3	64	0.0119	0.023	0.0077	0.206	2.113	46.8	-132.5	131.1
3	64	0.0026	0.0013	0.0021	0.258	2.017	47.7	-149	97.3
3	64	0.0144	0.0344	0.0095	0.211	2.014	75.4	74.5	99.2
0	0	0	0	0	0	0	0	0	0
0	0	0	0	0	0	0	0	0	0
0	0	0	0	0	0	0	0	0	0
3	64	0.0089	0.0087	0.0039	0.14	2.132	68.9	-145.3	82.9
3	64	0.014	0.0245	0.007	0.158	2.325	52.8	-170.4	79.7
3	66	0.0095	0.0341	0.0122	0.352	1.953	105.4	22.7	144.1
3	66	0.0149	0.029	0.0105	0.318	2.194	27.4	-110.6	41.6
4	1363	0.0126	0.0431	0.0137	0.345	1.892	128.4	-125.8	111.7
3	67	0.013	0.0191	0.0059	0.144	2.272	46.4	106.3	126.2
0	0	0	0	0	0	0	0	0	0
3	68	0.0059	0.0038	0.0026	0.141	2.635	86.9	-156.2	42.5
3	69	0.0114	0.0144	0.0051	0.142	2.545	49.8	119.8	72.9
0	0	0	0	0	0	0	0	0	0
3	69	0.005	0.0068	0.0055	0.348	2.574	48.6	-168.2	40.1
0	0	0	0	0	0	0	0	0	0
4	1365	0.012	0.024	0.008	0.211	2.92	84.9	8.9	56.1
3	72	0.0101	0.016	0.0063	0.201	2.919	96	128.3	65.9
0	0	0	0	0	0	0	0	0	0
2	2	0.0135	0.0492	0.0162	0.428	3.464	99.5	168.3	66.3
2	2	0.0091	0.0459	0.02	0.693	2.979	70	2.7	41.8
0	0	0	0	0	0	0	0	0	0
3	73	0.0114	0.0181	0.0064	0.178	3.022	82.7	-42.6	80.7
0	0	0	0	0	0	0	0	0	0
3	1339	0.0129	0.0269	0.0083	0.205	3.07	145.9	55.1	72
0	0	0	0	0	0	0	0	0	0
3	1339	0.0122	0.0362	0.012	0.318	3.071	44.9	166.9	122.2
3	1339	0.0305	0.1495	0.0196	0.205	3.078	33.5	119.8	38.4
3	1339	0.0107	0.0119	0.0044	0.132	3.147	94.3	-53.7	40.3
3	1339	0.0124	0.0814	0.0251	0.62	3.031	8.4	139.3	135.8
3	1339	0.0129	0.0545	0.0183	0.498	3.192	72.6	-79.1	69.2
3	1339	0.0103	0.0227	0.0088	0.271	3.189	65.8	116.3	72.4
3	1339	0.011	0.0213	0.0077	0.222	3.199	39.9	-123.8	103.2
3	1339	0.005	0.0104	0.0083	0.53	3.284	23.3	-130	109.3
3	1339	0.013	0.0428	0.0135	0.338	3.315	47.9	127.3	56.6
3	1339	0.0172	0.0605	0.014	0.259	3.3	82.2	-90.9	86.3
3	1339	0.0062	0.0069	0.0044	0.226	3.575	91.8	-165.5	130.3
0	0	0	0	0	0	0	0	0	0
3	1339	0.0107	0.0303	0.0111	0.324	3.481	65.4	114.5	59.9
0	0	0	0	0	0	0	0	0	0
4	74	0.0196	0.0557	0.0114	0.185	2.821	59.5	82	91.9
3	77	0.0131	0.2515	0.0792	2.006	2.605	132.9	-68	118.3
4	1369	0.0184	0.0948	0.0206	0.356	2.198	66.7	177.7	47.4
4	1369	0.0139	0.1793	0.0507	1.152	2.277	61.4	55.8	113.9
3	78	0.0119	0.0313	0.0106	0.283	2.171	37.3	1.7	64.4
0	0	0	0	0	0	0	0	0	0
0	0	0	0	0	0	0	0	0	0
2	3	0.0143	0.1864	0.0523	1.169	1.872	63.7	111.8	66.5
0	0	0	0	0	0	0	0	0	0
0	0	0	0	0	0	0	0	0	0
3	79	0.0096	0.0191	0.008	0.265	2.086	30.9	75.5	41.3
0	0	0	0	0	0	0	0	0	0
3	79	0.0117	0.0235	0.0081	0.22	2.4	75.7	72	81.1
0	0	0	0	0	0	0	0	0	0
4	80	0.011	0.019	0.0069	0.201	1.907	103.1	-4.7	69.9
0	0	0	0	0	0	0	0	0	0
3	1340	0.0151	0.0704	0.0186	0.392	2.369	177.9	-126.2	114.6
0	0	0	0	0	0	0	0	0	0
4	1371	0.0091	0.1142	0.0433	1.325	1.816	58.9	-81.1	108.6
4	1371	0.0091	0.0434	0.0149	0.416	1.822	75.8	-110.9	66.6
0	0	0	0	0	0	0	0	0	0
4	1371	0.0117	0.0441	0.0143	0.376	1.795	63.3	60.8	77.9
4	1371	0.0148	0.1009	0.0305	0.741	1.841	132.7	-129.7	111.1
4	1371	0.0113	0.0284	0.0099	0.273	1.858	51.1	49.9	63.8
6	1488	0.0107	0.0238	0.0089	0.263	1.868	137.2	41.3	63.2
3	84	0.0161	0.0558	0.0139	0.274	1.918	71.1	-14.1	90.9
3	85	0.0142	0.0976	0.0303	0.749	2.128	54.1	-70.8	90.5
3	85	0.0099	0.0189	0.0078	0.257	2.105	52.2	-66.3	90.2
3	85	0.0081	0.0269	0.0101	0.311	2.088	45.1	-51.1	115.8
3	85	0.0125	0.0347	0.0111	0.283	2.383	65.6	-8.3	88.4
3	85	0.0198	0.2782	0.0665	1.308	2.116	34.2	-8.5	116.6
3	85	0.0196	0.0462	0.0094	0.153	2.128	81.1	63.5	119.7
3	85	0.014	0.2053	0.0585	1.345	2.122	38	-42	162.2
3	85	0.0121	0.174	0.0522	1.262	2.17	42.9	-21.9	93.9
0	0	0	0	0	0	0	0	0	0
3	85	0.015	0.0699	0.0206	0.484	2.601	50.4	-91.6	39.3
3	85	0.0116	0.0653	0.0205	0.514	2.607	50	-92.4	90.5
3	85	0.0162	0.0543	0.0134	0.262	2.866	48	-49.9	89.8
3	85	0.0388	0.2267	0.0234	0.192	3.079	82.2	57	111.5
3	90	0.0128	0.05	0.0158	0.401	2.604	72	85.8	95.3
3	90	0.01	0.0174	0.007	0.222	2.631	60.4	74.9	60.4
3	90	0.005	0.011	0.0088	0.56	2.66	48.6	57.7	149.2
3	90	0.0101	0.0137	0.0054	0.17	2.67	64.9	75.9	69.8
3	90	0.011	0.0763	0.0247	0.639	2.699	61.1	-57.8	65.7
3	90	0.013	0.0784	0.0224	0.511	2.697	43.5	-2.4	130.1
3	90	0.0122	0.0206	0.0067	0.175	2.756	63.1	63	69.5
3	90	0.0121	0.0724	0.023	0.583	2.854	61.6	52.1	73.9
3	90	0.0133	0.0557	0.0171	0.416	2.939	123.7	-135.8	118.1
0	0	0	0	0	0	0	0	0	0
3	91	0.0171	0.1216	0.0304	0.607	2.914	18.3	-110.7	84.2
3	92	0.011	0.0688	0.0215	0.549	2.743	91	78.2	71.6
3	93	0.0058	0.0079	0.0055	0.305	2.956	44.1	-152.8	73.4
0	0	0	0	0	0	0	0	0	0
3	95	0.0135	0.1283	0.0392	0.968	3.208	31.8	-80.5	70.8
3	100	0.0126	0.0589	0.0185	0.464	3.97	91.1	-45	61.6
0	0	0	0	0	0	0	0	0	0
3	100	0.0122	0.0336	0.0111	0.289	4.051	15.8	116.7	58.4
3	100	0.0175	0.0599	0.0165	0.378	3.971	153.8	-100.9	59.6
3	100	0.0158	0.142	0.0384	0.836	3.621	69.6	135.3	120.7
4	1378	0.0131	0.0132	0.004	0.098	3.943	78.8	23.3	21.2
0	0	0	0	0	0	0	0	0	0
0	0	0	0	0	0	0	0	0	0
0	0	0	0	0	0	0	0	0	0
3	104	0.013	0.1074	0.03	0.669	5.033	170	-141.3	159.2
3	104	0.0107	0.0206	0.0077	0.227	3.943	34.9	-7.2	73
3	104	0.0132	0.062	0.0187	0.45	3.84	166.9	120.7	132
3	104	0.0165	0.046	0.0112	0.216	3.71	117.5	114.3	81.7
0	0	0	0	0	0	0	0	0	0
3	104	0.0109	0.033	0.0121	0.352	3.943	43.5	149.3	121.4
0	0	0	0	0	0	0	0	0	0
3	104	0.0131	0.1534	0.0464	1.115	4.149	23.4	-14.4	160.4
3	105	0.016	0.0695	0.0187	0.404	4.092	39.8	-76.8	76.7
0	0	0	0	0	0	0	0	0	0
2	4	0.0259	0.0983	0.0152	0.186	4.385	70.2	-177.9	66.8
2	4	0.0128	0.0652	0.0185	0.423	4.433	53.4	20.7	54.5
0	0	0	0	0	0	0	0	0	0
3	111	0.0121	0.0249	0.0082	0.218	4.588	107.5	-116.7	55.3
3	111	0.0136	0.1868	0.0516	1.138	4.46	127.6	136.3	152.7
3	111	0.0144	0.1005	0.0283	0.635	4.472	102.7	50.5	78.6
0	0	0	0	0	0	0	0	0	0
0	0	0	0	0	0	0	0	0	0
3	111	0.0157	0.241	0.0659	1.44	4.537	65.1	52.2	45.1
0	0	0	0	0	0	0	0	0	0
3	111	0.0109	0.0138	0.005	0.147	4.686	90.1	-155.5	89.5
3	111	0.0153	0.0832	0.021	0.424	4.918	52.9	-33.1	76.5
3	111	0.0153	0.1085	0.0298	0.656	4.96	76	51.7	47.7
3	111	0.015	0.086	0.0241	0.541	5.119	103.3	-137.4	116.2
3	111	0.0128	0.0219	0.0068	0.17	4.961	52.1	-120.1	78.2
0	0	0	0	0	0	0	0	0	0
3	111	0.0139	0.0389	0.0112	0.258	5.306	79	13.7	76.6
3	111	0.0137	0.1231	0.0335	0.731	5.252	46.4	-93.1	57.6
3	111	0.0128	0.029	0.0091	0.226	5.392	80	35.7	70.4
3	111	0.0131	0.0523	0.0156	0.37	5.54	50	-14.5	43.6
4	114	0.0125	0.0821	0.0246	0.586	4.396	71.7	-152.6	49.4
0	0	0	0	0	0	0	0	0	0
3	1341	0.0143	0.0563	0.0158	0.351	4.02	111.1	-113.2	121.1
3	1341	0.0142	0.0324	0.0091	0.204	4.018	84.8	-142.6	118.5
3	120	0.0144	0.1129	0.0314	0.697	2.226	168.2	-148.6	109.5
3	121	0.005	0.0114	0.0091	0.582	2.458	132.4	-82.9	48.9
0	0	0	0	0	0	0	0	0	0
3	122	0.012	0.0318	0.0106	0.28	2.189	56	56	69.3
0	0	0	0	0	0	0	0	0	0
0	0	0	0	0	0	0	0	0	0
3	123	0.0141	0.1835	0.0529	1.216	2.139	55.2	-154.2	118.1
0	0	0	0	0	0	0	0	0	0
3	123	0.0132	0.1142	0.0364	0.929	2.092	42.1	-97.6	110.6
0	0	0	0	0	0	0	0	0	0
3	124	0.0129	0.0755	0.0216	0.501	2.572	108.6	-72.6	27
0	0	0	0	0	0	0	0	0	0
3	124	0.0152	0.0547	0.0143	0.3	2.538	91.5	55.2	64.4
3	130	0.0138	0.193	0.0557	1.282	2.778	46.5	157.4	43.1
3	130	0.0171	0.2134	0.0508	0.966	2.707	30.1	-15	104.6
3	130	0.0155	0.053	0.0137	0.28	2.777	43.4	-84.9	34.7
0	0	0	0	0	0	0	0	0	0
3	130	0.0198	0.0742	0.015	0.24	2.641	115.6	28.7	104.9
3	130	0.0118	0.033	0.0112	0.305	2.792	67.8	-78.2	68
0	0	0	0	0	0	0	0	0	0
3	131	0.005	0.0145	0.0116	0.738	2.755	74.4	-75.3	101.8
0	0	0	0	0	0	0	0	0	0
3	131	0.0129	0.0925	0.0286	0.706	2.784	170.6	74.4	92.1
0	0	0	0	0	0	0	0	0	0
3	135	0.0139	0.1083	0.0256	0.487	2.553	62.9	-4.9	66.7
3	135	0.0093	0.016	0.0068	0.233	2.598	80.6	168.1	122.3
0	0	0	0	0	0	0	0	0	0
3	137	0.0154	0.0776	0.0173	0.315	2.655	75.3	37.9	56.1
0	0	0	0	0	0	0	0	0	0
0	0	0	0	0	0	0	0	0	0
0	0	0	0	0	0	0	0	0	0
3	137	0.0105	0.1431	0.0436	1.087	2.636	48.8	96.6	106.9
3	137	0.0154	0.2431	0.0619	1.26	2.634	2.6	117.7	91.9
0	0	0	0	0	0	0	0	0	0
4	1387	0.005	0.0118	0.0094	0.599	2.745	128.3	-140.5	53.5
4	1387	0.0113	0.0163	0.0058	0.164	2.724	94.7	-105.5	52.3
0	0	0	0	0	0	0	0	0	0
0	0	0	0	0	0	0	0	0	0
3	138	0.0121	0.0749	0.0246	0.643	2.658	53.7	-93.7	98.5
3	138	0.0126	0.0226	0.0072	0.181	2.732	58	-99.7	76.8
3	141	0.005	0.0073	0.0058	0.371	2.869	23.8	144	134.6
0	0	0	0	0	0	0	0	0	0
0	0	0	0	0	0	0	0	0	0
0	0	0	0	0	0	0	0	0	0
0	0	0	0	0	0	0	0	0	0
3	148	0.013	0.0219	0.0068	0.166	3.033	74.9	127.1	47
3	149	0.0101	0.0269	0.0106	0.335	3.08	55.1	88	88.3
3	149	0.005	0.005	0.004	0.253	3.095	51.2	171.8	113.7
0	0	0	0	0	0	0	0	0	0
3	150	0.0126	0.0214	0.0068	0.172	3.077	26.5	-160.7	81.3
2	8	0.0119	0.0512	0.0162	0.418	2.343	73.3	-68.5	95.6
2	8	0.0124	0.0423	0.0137	0.353	2.333	75.4	155.4	50.9
2	8	0.0126	0.0806	0.0261	0.686	2.312	52.9	-99.3	65.3
2	8	0.0101	0.0477	0.019	0.601	2.325	59.3	165.9	51.6
2	8	0.0113	0.1222	0.0319	0.672	2.311	43.2	-127.9	129.9
2	8	0.005	0.0112	0.009	0.572	2.419	44.3	107.5	85.9
0	0	0	0	0	0	0	0	0	0
0	0	0	0	0	0	0	0	0	0
2	8	0.007	0.005	0.0029	0.13	2.573	81.2	121.8	36
3	159	0.0094	0.0403	0.0165	0.537	2.662	42.1	-9.5	68.3
3	159	0.0166	0.1199	0.0342	0.79	2.331	60.6	86.1	139.8
3	160	0.0122	0.0138	0.0045	0.118	2.606	52.2	-7.7	106.3
0	0	0	0	0	0	0	0	0	0
3	165	0.0165	0.0989	0.0253	0.519	2.861	63.6	123.6	17
4	1392	0.015	0.04	0.0107	0.228	2.847	151.3	72.5	43.5
3	168	0.0132	0.04	0.0126	0.315	2.875	75.2	-165	46.4
3	168	0.0155	0.0795	0.0208	0.436	2.895	40	-75.7	65.7
2	9	0.0156	0.0672	0.0172	0.35	2.841	102.6	83.3	84.9
2	9	0.0119	0.0364	0.0123	0.329	2.825	45.8	124.7	48.1
2	9	0.0125	0.1449	0.0399	0.884	2.906	49	-31.4	136.1
2	9	0.0141	0.0939	0.026	0.575	3.32	9.4	68.8	30.9
3	170	0.0122	0.0617	0.0188	0.459	3.119	33.5	101.6	49.1
3	1344	0.0226	0.0739	0.0131	0.184	3.087	65.7	27.8	153
0	0	0	0	0	0	0	0	0	0
3	1344	0.0124	0.0579	0.0176	0.427	2.873	53.5	145.2	60.8
3	1344	0.0139	0.0756	0.0221	0.514	2.888	49.9	107.8	72.7
5	1446	0.0124	0.0397	0.0128	0.329	2.641	46.6	76.5	97
0	0	0	0	0	0	0	0	0	0
5	175	0.0104	0.0447	0.0163	0.473	2.776	31.6	139.4	78.9
0	0	0	0	0	0	0	0	0	0
3	179	0.0111	0.0359	0.0131	0.379	3.05	79.4	-128.8	102.4
0	0	0	0	0	0	0	0	0	0
0	0	0	0	0	0	0	0	0	0
0	0	0	0	0	0	0	0	0	0
3	189	0.0148	0.0761	0.0212	0.478	3.689	68.3	-76	62.2
3	189	0.011	0.0886	0.0287	0.754	3.745	83.7	179.6	42.8
3	189	0.0115	0.0171	0.0059	0.165	3.751	86.2	95.3	64.3
0	0	0	0	0	0	0	0	0	0
3	189	0.0105	0.0365	0.0134	0.392	3.55	17.4	1.2	58.7
3	189	0.0143	0.0323	0.009	0.201	3.35	43.1	-117.3	92
4	1397	0.0134	0.0322	0.0096	0.227	3.245	96	-118.2	107.6
4	1397	0.0136	0.0649	0.0191	0.446	3.363	86.2	105.2	93.9
5	1448	0.0131	0.0221	0.0067	0.163	3.206	113.7	-30.6	98.7
5	1448	0.0092	0.0302	0.0105	0.297	3.196	90.8	-175.2	49.1
0	0	0	0	0	0	0	0	0	0
3	193	0.0083	0.0076	0.0036	0.139	3.749	80.1	-121.4	50.5
0	0	0	0	0	0	0	0	0	0
3	193	0.0113	0.0849	0.0299	0.84	3.989	144.6	-4.3	90.1
0	0	0	0	0	0	0	0	0	0
3	193	0.0133	0.0354	0.0107	0.257	3.98	20.3	29.9	101.5
3	193	0.0094	0.0092	0.0039	0.133	4.106	100.8	60.3	45.4
2	10	0.0151	0.1313	0.038	0.882	3.68	91.3	95.6	43.5
2	10	0.0133	0.089	0.0272	0.667	3.659	29.3	-45	69.2
2	10	0.0129	0.0385	0.0119	0.295	3.733	36.9	164	94
2	10	0.014	0.1024	0.0243	0.473	3.847	38.6	83.5	124.6
2	10	0.0174	0.163	0.041	0.829	3.755	79	94.5	64.8
2	10	0.0133	0.2166	0.0613	1.386	3.687	17.8	-90.5	38.7
3	1345	0.013	0.0359	0.0112	0.277	3.898	45.4	-123.9	65.5
2	11	0.0133	0.0225	0.0068	0.162	2.591	62.8	21.8	101.9
3	202	0.005	0.012	0.0096	0.612	2.975	19.8	84.3	120
3	202	0.013	0.0665	0.0213	0.545	3.067	72.3	17	87
3	202	0.0133	0.1045	0.0323	0.792	3.176	73.9	33.9	111
3	202	0.0107	0.0226	0.0085	0.253	3.248	80.9	-108.2	24
3	202	0.0124	0.0358	0.0115	0.296	3.306	41.7	66.6	11.1
3	203	0.0146	0.0621	0.0184	0.441	3.057	115.1	-131.3	131.3
0	0	0	0	0	0	0	0	0	0
3	206	0.0181	0.0497	0.011	0.194	3.455	107.7	24.6	62
3	206	0.0343	0.219	0.0255	0.237	3.418	40.3	97.1	44.4
0	0	0	0	0	0	0	0	0	0
3	207	0.0104	0.0408	0.015	0.442	3.557	66	-113	40.7
4	213	0.0089	0.0396	0.013	0.354	3.518	127	20.4	129.1
4	213	0.0132	0.0972	0.0281	0.648	3.522	126.3	-72.9	97.1
4	213	0.0131	0.05	0.0146	0.339	3.523	125.1	-73.8	107.2
3	220	0.0247	0.2036	0.0363	0.523	3.409	120.1	-111	91.4
3	222	0.0127	0.0507	0.013	0.268	3.075	153.3	165.9	29.8
0	0	0	0	0	0	0	0	0	0
0	0	0	0	0	0	0	0	0	0
4	1404	0.0115	0.0656	0.0225	0.617	3.184	55.5	162.3	69.1
0	0	0	0	0	0	0	0	0	0
3	228	0.0091	0.1085	0.036	0.974	3.432	90	-31.8	134.3
4	1405	0.0069	0.0056	0.0032	0.149	3.293	80.2	-135.5	62.5
4	1405	0.0108	0.0241	0.012	0.495	3.265	93.1	40.4	97.6
2	14	0.0151	0.0497	0.0147	0.411	3.685	56	141.5	43.2
3	231	0.0181	0.0909	0.0201	0.352	4.217	65.2	134.2	73.9
3	231	0.0178	0.1089	0.0244	0.435	3.64	0.5	16.6	57.1
3	231	0.0148	0.1832	0.0493	1.058	4.026	141.4	-75.9	142.4
4	1406	0.0132	0.0661	0.0199	0.476	3.767	42.2	-1	55.1
4	1406	0.0119	0.0422	0.0133	0.336	3.769	74.9	95	51.5
4	232	0.0124	0.0283	0.0091	0.234	3.921	128.3	101.2	56.1
5	1454	0.0118	0.0854	0.0264	0.657	3.691	90.2	-155.2	44.5
3	1349	0.0135	0.0487	0.016	0.422	3.629	157.9	161.3	90.2
3	239	0.0129	0.0379	0.0117	0.289	3.277	11.5	-73.9	78.6
0	0	0	0	0	0	0	0	0	0
3	239	0.0049	0.0036	0.0029	0.191	3.422	84.6	44.8	72.2
3	239	0.0125	0.1063	0.0329	0.841	3.462	53.1	-107.7	49.6
0	0	0	0	0	0	0	0	0	0
3	241	0.009	0.0121	0.0054	0.189	3.03	68.8	-130.3	100.7
0	0	0	0	0	0	0	0	0	0
0	0	0	0	0	0	0	0	0	0
3	247	0.0148	0.071	0.0212	0.506	3.851	42.8	90.6	40
3	250	0.0104	0.0188	0.0072	0.22	3.845	61.5	12.5	98.6
3	250	0.0135	0.0271	0.008	0.188	3.851	53.5	130.7	50.4
3	250	0.0122	0.0345	0.0114	0.299	3.845	37.5	70.5	98.2
3	251	0.0131	0.0264	0.008	0.194	4.105	63.5	68.1	68.8
0	0	0	0	0	0	0	0	0	0
3	251	0.0107	0.0464	0.0165	0.469	4.156	52.6	151.5	51.7
2	16	0.014	0.0678	0.0191	0.427	4.331	52.9	2	80.9
2	16	0.0127	0.0509	0.0155	0.377	4.383	52.5	-70.6	76
2	16	0.0146	0.0815	0.0225	0.494	4.381	69.9	126.3	40
4	254	0.0111	0.0213	0.0077	0.219	4.038	60.9	-166.6	40.1
4	254	0.0107	0.0318	0.0114	0.327	4.042	53.6	-84	93.9
4	254	0.0165	0.0621	0.0172	0.385	4.052	55.7	-5.2	69.8
0	0	0	0	0	0	0	0	0	0
0	0	0	0	0	0	0	0	0	0
2	259	0.0125	0.098	0.0232	0.452	3.337	44.4	-142.7	72.8
0	0	0	0	0	0	0	0	0	0
3	1355	0.0141	0.0332	0.0094	0.213	6.02	24.1	-44.1	146.7
3	1355	0.0152	0.1047	0.0299	0.685	6.032	53.1	12.3	95.4
3	1355	0.0159	0.0407	0.0102	0.204	6.058	67.6	19.5	74.3
3	1355	0.0139	0.0232	0.0067	0.152	6.18	159.3	-139.3	67.2
2	266	0.018	0.0642	0.0143	0.252	6.079	27.9	-83.6	84.7
2	267	0.0127	0.0309	0.0097	0.244	6.798	45.1	-55.9	129.9
0	0	0	0	0	0	0	0	0	0
0	0	0	0	0	0	0	0	0	0
3	1357	0.005	0.0092	0.0073	0.468	7.267	83	146.5	61.1
4	1422	0.014	0.1174	0.0343	0.815	6.947	99.1	-113.8	32.6
2	268	0.0174	0.081	0.02	0.397	6.62	40.9	91.8	56.8
2	268	0.0146	0.0832	0.0224	0.482	6.661	21	59.4	20.5
2	270	0.0123	0.046	0.0143	0.352	6.606	36.8	-151	42
0	0	0	0	0	0	0	0	0	0
2	271	0.0137	0.0423	0.0125	0.296	6.716	48.4	133.3	43
0	0	0	0	0	0	0	0	0	0
4	278	0.0134	0.0518	0.0158	0.381	6.879	51.7	-69	24.7
0	0	0	0	0	0	0	0	0	0
4	280	0.013	0.0303	0.0093	0.228	6.932	78.6	25.9	81.8
4	280	0.0156	0.0181	0.0047	0.095	6.945	70.1	30.3	42.6
4	284	0.012	0.0119	0.004	0.106	3.649	68	-30.5	43.5
0	0	0	0	0	0	0	0	0	0
4	287	0.0154	0.043	0.0111	0.229	3.636	67.1	-177.2	54.1
0	0	0	0	0	0	0	0	0	0
5	1458	0.0136	0.0437	0.0129	0.303	3.602	111.7	-25.7	129.4
4	291	0.0176	0.0562	0.0128	0.231	3.991	77.3	-26.5	88.3
4	291	0.0117	0.0367	0.012	0.314	4.015	81.8	157.3	66
4	291	0.0128	0.0406	0.0136	0.365	4.249	51.3	-80.5	32.5
0	0	0	0	0	0	0	0	0	0
3	18	0.0172	0.2359	0.0548	1.013	4.36	111.3	30.2	101
5	308	0.0131	0.053	0.016	0.384	4.003	28.4	-169.4	55.4
0	0	0	0	0	0	0	0	0	0
0	0	0	0	0	0	0	0	0	0
5	315	0.0101	0.0231	0.0091	0.286	4.869	81.6	126	26.2
4	1412	0.0124	0.031	0.0111	0.316	4.683	47	-139.3	89.8
5	1460	0.0124	0.0393	0.0119	0.288	4.87	58.9	122.9	67.2
3	19	0.0103	0.0292	0.0116	0.367	4.127	117.6	136.3	86.4
3	19	0.0106	0.0565	0.018	0.464	4.193	113.8	106.3	98.8
3	19	0.0177	0.1005	0.0232	0.443	4.251	65.9	47.5	83
0	0	0	0	0	0	0	0	0	0
3	19	0.0128	0.0308	0.0096	0.238	4.686	4.1	-124.9	34.3
4	328	0.0102	0.0212	0.0083	0.26	4.113	61.3	49.6	66.7
0	0	0	0	0	0	0	0	0	0
4	332	0.0112	0.0205	0.0073	0.208	4.402	142.2	128.9	86.4
4	332	0.0101	0.0198	0.0078	0.245	4.379	115	174.8	82.7
4	332	0.0121	0.0453	0.0159	0.447	4.246	97	-176	89.2
4	332	0.0133	0.0956	0.0286	0.682	4.157	149.8	80.3	85.4
4	332	0.0124	0.09	0.0291	0.748	4.192	46.4	-107.1	125.7
0	0	0	0	0	0	0	0	0	0
3	20	0.0099	0.0914	0.0324	0.933	4.369	118.4	-60.1	106
0	0	0	0	0	0	0	0	0	0
3	20	0.0136	0.5242	0.1324	2.678	4.533	104.4	17.6	81
3	20	0.0138	0.0503	0.0165	0.437	4.516	51.6	-126.6	26.7
3	20	0.011	0.0928	0.0299	0.773	4.745	40	165.3	59.6
3	20	0.0157	0.0888	0.0238	0.51	4.654	162.4	-149	95.4
3	20	0.0133	0.1528	0.0444	1.027	4.562	42.7	163.2	62.6
4	1413	0.0133	0.0655	0.0194	0.457	3.978	155.3	124	59
4	1413	0.0125	0.1256	0.0389	0.964	3.909	57.8	114.2	63.3
0	0	0	0	0	0	0	0	0	0
4	340	0.0121	0.0125	0.0041	0.108	4.441	143.6	-173	53
4	340	0.0163	0.1454	0.0395	0.866	4.476	168.9	-123.7	53.8
4	340	0.0182	0.085	0.0186	0.325	4.476	120.3	-133.7	62.9
0	0	0	0	0	0	0	0	0	0
4	340	0.01	0.0111	0.0045	0.142	4.367	115.3	155.5	81.5
3	24	0.0126	0.0464	0.0138	0.328	4.802	47.4	-72.6	110.1
3	24	0.011	0.0826	0.0261	0.663	4.899	53.4	-77	69.9
3	24	0.0117	0.026	0.0089	0.244	4.956	70	179.9	85.5
0	0	0	0	0	0	0	0	0	0
3	24	0.0148	0.0509	0.0149	0.351	5.38	71.2	10.3	62.4
4	345	0.0199	0.1265	0.0293	0.636	4.842	149.1	-158	43.5
4	345	0.0122	0.0415	0.0139	0.372	5.009	124.1	-77	54.5
4	345	0.0155	0.0713	0.0184	0.379	4.893	71	-38	50.2
4	345	0.0142	0.1048	0.029	0.64	4.717	140.6	-92.3	74.5
4	1415	0.0135	0.037	0.0114	0.28	5.176	79.7	109.4	46.6
3	26	0.0148	0.1818	0.0491	1.054	5.375	132.9	-87.1	17.1
3	26	0.0163	0.0463	0.0114	0.222	5.155	125.8	-51.1	86.4
3	26	0.0137	0.1195	0.0379	0.959	5.01	56.9	-149	86.2
0	0	0	0	0	0	0	0	0	0
3	26	0.0139	0.0608	0.0174	0.395	5.513	116.4	-76.6	91.6
0	0	0	0	0	0	0	0	0	0
3	26	0.0128	0.0825	0.0244	0.576	5.553	93.5	45.8	3.8
3	26	0.0123	0.0864	0.0267	0.662	5.552	84.9	-7.2	44.6
3	26	0.0137	0.0655	0.0192	0.446	5.506	105.7	-146.3	51.2
4	350	0.0049	0.0061	0.005	0.32	3.941	140.8	-46.9	78
4	351	0.0163	0.2904	0.0725	1.444	4.444	173.2	64.8	123.1
0	0	0	0	0	0	0	0	0	0
0	0	0	0	0	0	0	0	0	0
4	357	0.0118	0.0778	0.0259	0.685	4.459	39.4	5.3	98.2
0	0	0	0	0	0	0	0	0	0
4	360	0.0163	0.1285	0.0358	0.805	4.902	47.5	-150.6	89.4
4	360	0.0289	0.2963	0.041	0.452	4.985	80.2	-151.4	78.6
0	0	0	0	0	0	0	0	0	0
0	0	0	0	0	0	0	0	0	0
0	0	0	0	0	0	0	0	0	0
5	1473	0.0115	0.0277	0.0097	0.268	5.239	125.5	-161.8	77.3
4	361	0.0117	0.0182	0.0062	0.17	5.453	58.8	-155	59.6
3	31	0.0138	0.0677	0.0191	0.429	5.466	69.1	30.1	64.2
0	0	0	0	0	0	0	0	0	0
3	31	0.0107	0.0447	0.0147	0.387	5.721	87	-5.6	77.3
3	31	0.0124	0.0498	0.0153	0.377	5.774	86.9	46.7	87.5
5	363	0.0071	0.0119	0.0067	0.3	5.35	69.1	-54.8	48.4
5	364	0.0134	0.0618	0.0184	0.437	5.405	160.9	94	64.7
0	0	0	0	0	0	0	0	0	0
5	364	0.0135	0.0614	0.0182	0.429	5.339	115	-38.4	144.9
5	364	0.0112	0.0327	0.0115	0.32	5.351	60.7	42.5	54.3
0	0	0	0	0	0	0	0	0	0
5	364	0.005	0.0101	0.0081	0.515	5.412	64	-81.1	112.3
0	0	0	0	0	0	0	0	0	0
0	0	0	0	0	0	0	0	0	0
5	367	0.005	0.0055	0.0044	0.282	5.613	93.5	84.2	103.7
6	1503	0.012	0.0593	0.0197	0.522	5.288	104.3	174.4	11.2
0	0	0	0	0	0	0	0	0	0
5	372	0.0129	0.0505	0.0157	0.387	5.078	111.7	102	22.5
0	0	0	0	0	0	0	0	0	0
5	372	0.0129	0.0768	0.0229	0.546	5.138	88.1	75	35
0	0	0	0	0	0	0	0	0	0
5	372	0.0127	0.0932	0.0284	0.69	5.113	35.9	-3.9	68.6
5	372	0.005	0.0083	0.0067	0.423	5.017	91.5	-129.6	65.1
5	372	0.0135	0.0512	0.0152	0.358	4.957	120.5	-44.1	68.7
0	0	0	0	0	0	0	0	0	0
5	373	0.0128	0.0515	0.0161	0.398	4.826	47.6	38.9	68.2
5	374	0.0139	0.1173	0.0323	0.709	5.597	62.1	-129.2	72.7
5	374	0.0167	0.1274	0.0338	0.718	5.577	51.5	45.2	25
5	374	0.0118	0.0425	0.0135	0.341	5.57	50.7	-39	38.7
5	374	0.0132	0.0812	0.0238	0.553	5.556	46.2	78.5	50.7
0	0	0	0	0	0	0	0	0	0
5	374	0.013	0.0288	0.0089	0.217	5.8	98.2	153.8	31.3
0	0	0	0	0	0	0	0	0	0
5	374	0.0118	0.0344	0.0117	0.317	5.733	89.7	-135.4	115.2
5	374	0.0125	0.0389	0.0124	0.314	5.754	79.2	-119.7	102.6
5	374	0.0126	0.0566	0.0172	0.42	5.966	58.3	-178.5	42.4
0	0	0	0	0	0	0	0	0	0
5	376	0.0117	0.0392	0.013	0.343	4.934	41.1	126.6	85.2
5	377	0.017	0.071	0.0189	0.404	5.013	77.1	14.6	70.2
5	377	0.0143	0.0567	0.0165	0.384	5.032	91.2	-41.6	67.9
0	0	0	0	0	0	0	0	0	0
0	0	0	0	0	0	0	0	0	0
0	0	0	0	0	0	0	0	0	0
0	0	0	0	0	0	0	0	0	0
4	1418	0.0131	0.025	0.0076	0.185	4.663	60.3	50.6	74.9
0	0	0	0	0	0	0	0	0	0
4	1418	0.0148	0.0681	0.0176	0.364	4.84	16.2	15.3	22.5
4	1418	0.0135	0.0574	0.0157	0.346	4.759	44.3	-31.8	42.2
5	381	0.015	0.1496	0.0407	0.884	4.803	139.2	-61.5	58.8
5	381	0.0138	0.0608	0.0187	0.458	4.716	79	22.2	84.7
5	381	0.0158	0.084	0.0226	0.487	4.8	59.3	-150.2	91.2
5	381	0.013	0.1525	0.0459	1.103	4.834	1.2	-124.5	101.6
5	381	0.005	0.0223	0.0178	1.135	4.523	133.1	65.9	41.5
5	381	0.0159	0.0416	0.0105	0.209	4.337	97.4	-155.7	94.5
0	0	0	0	0	0	0	0	0	0
0	0	0	0	0	0	0	0	0	0
4	383	0.0139	0.0233	0.0067	0.153	4.567	27.8	-106.1	57.5
4	383	0.0147	0.0924	0.0254	0.556	4.678	103.3	159.9	66.3
0	0	0	0	0	0	0	0	0	0
0	0	0	0	0	0	0	0	0	0
4	386	0.012	0.0201	0.0067	0.177	4.73	32.8	159.6	17.9
0	0	0	0	0	0	0	0	0	0
0	0	0	0	0	0	0	0	0	0
0	0	0	0	0	0	0	0	0	0
5	396	0.0108	0.0249	0.0087	0.244	4.825	63.9	62.1	94.8
5	396	0.0192	0.0571	0.0119	0.198	4.961	89.9	27.4	86.6
0	0	0	0	0	0	0	0	0	0
6	1507	0.013	0.1122	0.0319	0.726	5.589	60.3	-167.6	44
6	1507	0.0143	0.1216	0.0343	0.769	5.613	51.6	4.7	56.5
6	1507	0.0131	0.0451	0.0136	0.327	5.617	61.9	96.8	84.5
0	0	0	0	0	0	0	0	0	0
0	0	0	0	0	0	0	0	0	0
4	35	0.016	0.0342	0.0085	0.169	4.899	67.8	51.3	107.7
4	35	0.0129	0.0882	0.025	0.565	5.476	56.6	125	29.6
0	0	0	0	0	0	0	0	0	0
6	410	0.0171	0.0097	0.0023	0.042	5.303	162.5	-0.3	78
6	410	0.0122	0.0302	0.0099	0.26	5.228	51.7	36.2	93.3
0	0	0	0	0	0	0	0	0	0
6	410	0.0157	0.0431	0.0117	0.256	5.281	58.5	2.4	59.3
6	410	0.0143	0.0338	0.0094	0.21	5.275	45.4	70.5	93.8
6	410	0.0125	0.028	0.0097	0.269	5.394	75	172.6	68.1
6	410	0.0115	0.0588	0.0178	0.433	5.421	67.2	3.1	86.8
0	0	0	0	0	0	0	0	0	0
5	417	0.015	0.1439	0.0387	0.831	5.152	160.8	-168.3	57.9
0	0	0	0	0	0	0	0	0	0
6	1510	0.0131	0.062	0.0181	0.423	5.986	9.3	106.7	35.9
4	39	0.0192	0.1495	0.0381	0.784	5.177	43.4	153.7	79.2
0	0	0	0	0	0	0	0	0	0
4	52	0.0136	0.0793	0.0223	0.502	6.12	66.5	69.4	45.5
6	445	0.0114	0.0671	0.0167	0.334	6.491	23.1	92	46
0	0	0	0	0	0	0	0	0	0
0	0	0	0	0	0	0	0	0	0
0	0	0	0	0	0	0	0	0	0
3	1353	0.0137	0.1052	0.0251	0.495	6.286	51.9	62.1	19.8
0	0	0	0	0	0	0	0	0	0
0	0	0	0	0	0	0	0	0	0
0	0	0	0	0	0	0	0	0	0
3	59	0.014	0.0188	0.0054	0.123	1.926	53.8	104.8	89.2
0	0	0	0	0	0	0	0	0	0
4	474	0.0089	0.0585	0.0223	0.693	2.132	56.1	-11.5	102.2
4	474	0.0112	0.0628	0.0224	0.636	2.028	100.3	-59.9	108.5
0	0	0	0	0	0	0	0	0	0
4	474	0.015	0.0434	0.0116	0.246	2.1	57.6	-103.3	70.9
5	1423	0.0159	0.0759	0.0191	0.383	2.111	58.8	-119	170.4
0	0	0	0	0	0	0	0	0	0
6	1485	0.0101	0.0172	0.0068	0.213	2.009	120	-61.5	144.4
4	484	0.0101	0.0098	0.0039	0.122	2.167	57	-106.8	109
3	61	0.0124	0.1861	0.0556	1.339	2.259	7.7	-123.2	53.7
3	61	0.0075	0.04	0.0213	0.904	2.459	21.8	-37.8	81.3
3	61	0.0149	0.0617	0.0166	0.356	2.423	117.5	-42.5	80.5
0	0	0	0	0	0	0	0	0	0
3	61	0.0107	0.0131	0.0049	0.145	2.456	59.7	121.9	106.2
4	486	0.0115	0.0626	0.018	0.422	2.589	67.3	-110.9	74.9
4	486	0.0124	0.0308	0.0099	0.254	2.66	68.1	-121.2	82.4
4	1360	0.005	0.0118	0.0082	0.458	2.516	63.9	-100.6	57.2
4	1360	0.013	0.0411	0.0145	0.412	2.516	25.2	-66.5	33.5
0	0	0	0	0	0	0	0	0	0
3	62	0.0144	0.0855	0.0236	0.518	3.499	122.1	138.8	108.5
3	62	0.013	0.0769	0.0238	0.585	3.535	142	-126.3	101.7
3	62	0.009	0.0222	0.0092	0.307	3.53	79.6	3	55.1
3	62	0.0061	0.0074	0.0048	0.251	3.766	66.4	4.6	46.9
3	62	0.0109	0.0257	0.0094	0.272	3.79	58.9	177.1	71.1
4	1361	0.005	0.0143	0.0115	0.729	3.188	154.6	53.9	92.1
4	1361	0.0051	0.0022	0.0017	0.109	3.192	77.9	-54.1	139.2
5	1427	0.0132	0.0339	0.0102	0.246	2.158	58.8	-43.2	105.8
5	1427	0.0128	0.0414	0.013	0.324	2.078	54.1	-169.7	100.8
0	0	0	0	0	0	0	0	0	0
0	0	0	0	0	0	0	0	0	0
3	66	0.0126	0.0606	0.0196	0.509	1.908	47.9	-41.2	114.3
3	66	0.0141	0.2279	0.0588	1.222	1.979	39	60.2	102.8
0	0	0	0	0	0	0	0	0	0
0	0	0	0	0	0	0	0	0	0
2	2	0.013	0.1499	0.0428	0.976	3.23	20.8	-169.3	12.9
2	2	0.0109	0.0069	0.0025	0.074	3.435	77.9	96.5	35.6
2	2	0.0127	0.033	0.0104	0.259	3.44	50.4	-146.1	93.4
2	2	0.0121	0.0565	0.0167	0.395	3.809	44.8	-111	50.2
0	0	0	0	0	0	0	0	0	0
0	0	0	0	0	0	0	0	0	0
3	77	0.0144	0.1188	0.0325	0.709	2.835	103.6	-83.6	53.3
4	540	0.0125	0.1358	0.0349	0.72	2.539	139.6	126.2	127
4	540	0.0126	0.0482	0.0153	0.387	2.511	112.5	-148.7	103.7
4	540	0.0208	0.1023	0.0197	0.302	2.718	162.8	123	64.5
5	1431	0.0125	0.1129	0.0355	0.891	2.395	93.5	52.6	82.2
6	1487	0.0132	0.0556	0.0176	0.446	2.539	23.3	-155	42.4
0	0	0	0	0	0	0	0	0	0
0	0	0	0	0	0	0	0	0	0
0	0	0	0	0	0	0	0	0	0
0	0	0	0	0	0	0	0	0	0
0	0	0	0	0	0	0	0	0	0
2	3	0.014	0.0984	0.0282	0.642	1.812	48.5	106.6	72.3
0	0	0	0	0	0	0	0	0	0
0	0	0	0	0	0	0	0	0	0
0	0	0	0	0	0	0	0	0	0
3	79	0.0254	0.1625	0.0256	0.322	2.367	57	62.4	69.8
6	1489	0.0082	0.0256	0.0103	0.337	1.645	145.2	-5.7	172.6
6	1489	0.0107	0.0504	0.0195	0.601	1.648	21.2	-150	85.1
5	561	0.0056	0.0072	0.0051	0.292	1.653	72.5	145	67.4
5	561	0.0107	0.0075	0.0028	0.084	1.816	55.5	-66.3	121.1
0	0	0	0	0	0	0	0	0	0
4	569	0.0129	0.0964	0.0299	0.742	2.02	37.5	21.5	82
4	571	0.0162	0.1176	0.0289	0.567	2.045	56.4	6.9	89.6
4	572	0.0136	0.0245	0.0072	0.168	2.209	67.8	-98.5	65.4
0	0	0	0	0	0	0	0	0	0
3	90	0.0135	0.0494	0.015	0.363	3.168	43.7	-39	52.8
4	588	0.0117	0.0131	0.0045	0.123	2.944	92.9	-47.9	70.9
4	590	0.0144	0.0102	0.0028	0.063	3.014	109.8	-52	145.5
4	592	0.0122	0.0146	0.0048	0.125	3.28	73.3	-110.1	99.5
4	592	0.0111	0.0317	0.0106	0.286	3.372	60.5	-103.1	76.4
0	0	0	0	0	0	0	0	0	0
3	95	0.0111	0.0171	0.0062	0.177	3.25	11.5	-22.3	82.7
0	0	0	0	0	0	0	0	0	0
3	100	0.0168	0.2041	0.0479	0.908	3.797	143.9	24.3	62
3	100	0.0191	0.0946	0.0237	0.492	3.763	134.4	91.7	67.5
0	0	0	0	0	0	0	0	0	0
3	104	0.0116	0.0284	0.0103	0.298	4.042	47.1	-49.5	72.9
3	104	0.013	0.0628	0.0192	0.468	3.973	13.3	7.9	35.8
4	609	0.0136	0.0503	0.0149	0.35	4.57	56.5	-96.7	107.5
4	609	0.0124	0.0811	0.0248	0.61	4.155	104.7	47.5	44.8
4	617	0.0125	0.0206	0.0066	0.167	4.572	68.6	-35	55.3
4	620	0.011	0.0345	0.0103	0.248	4.759	100.5	-71.7	93.3
4	620	0.0139	0.0354	0.011	0.27	5.054	73.5	137.1	63.6
4	620	0.0156	0.1249	0.0336	0.725	4.994	34.5	-42.6	34
5	632	0.0343	0.0999	0.0117	0.108	4.57	127.1	124.3	82.3
5	632	0.0069	0.0272	0.0156	0.717	4.895	121.4	-173.9	5
4	636	0.0136	0.0752	0.0227	0.545	2.141	129.7	168.2	82.1
0	0	0	0	0	0	0	0	0	0
4	642	0.005	0.0125	0.01	0.635	2.084	19.5	106.5	101.9
4	642	0.0115	0.0199	0.0069	0.191	2.062	65.1	-144.1	4.1
4	649	0.0104	0.0209	0.008	0.245	2.926	43	-121.4	97.2
4	649	0.016	0.1251	0.0328	0.688	3.121	36.3	-76	45.8
4	649	0.0123	0.0325	0.0107	0.28	3.153	76.9	85.6	66.5
4	649	0.0112	0.0318	0.0113	0.321	3.343	62.3	46.8	65.6
3	130	0.0087	0.0388	0.0149	0.469	2.842	135.9	48.8	52.3
0	0	0	0	0	0	0	0	0	0
4	668	0.0139	0.0344	0.0099	0.226	2.65	77.4	-133.8	72.3
4	668	0.0139	0.0469	0.0132	0.295	2.67	55.4	-153.2	73.2
0	0	0	0	0	0	0	0	0	0
0	0	0	0	0	0	0	0	0	0
4	1387	0.0149	0.1239	0.0365	0.869	2.72	33.6	156.6	60.5
3	145	0.0073	0.007	0.0038	0.167	2.828	53.4	138.1	80.5
3	145	0.0108	0.0154	0.0057	0.167	2.876	62.3	142.6	67.4
3	147	0.0132	0.0733	0.0225	0.548	3.288	29.5	132.7	46.8
0	0	0	0	0	0	0	0	0	0
3	691	0.005	0.015	0.0068	0.263	2.425	148	134.9	151.6
3	159	0.0087	0.0144	0.0067	0.245	2.49	11.9	159.6	61.8
3	159	0.0137	0.0616	0.0175	0.398	2.453	85.6	-86	110.1
0	0	0	0	0	0	0	0	0	0
3	159	0.0122	0.0261	0.0086	0.224	2.389	52.1	87.1	119
3	159	0.0144	0.1165	0.0328	0.745	2.382	173.5	-144.7	104.6
3	159	0.0116	0.0242	0.0084	0.229	2.542	70.4	77.7	88
0	0	0	0	0	0	0	0	0	0
3	159	0.0132	0.0818	0.0222	0.489	2.32	72	70.1	72.6
0	0	0	0	0	0	0	0	0	0
4	702	0.0147	0.0157	0.0043	0.093	2.971	64.8	-169.9	42
3	705	0.0133	0.0353	0.0106	0.253	2.99	56	-31.6	80.2
2	9	0.0122	0.0308	0.0101	0.265	3.342	53.5	128.5	73
2	9	0.015	0.0579	0.0163	0.37	3.362	54.5	31.5	73.8
2	9	0.0106	0.0291	0.0107	0.311	3.428	90.6	163.5	46.8
4	716	0.0142	0.0295	0.0083	0.187	3.068	130.1	92.4	73.4
3	181	0.0083	0.0179	0.0086	0.331	3.136	35.8	-7.9	62.8
0	0	0	0	0	0	0	0	0	0
3	189	0.0134	0.0434	0.0133	0.323	3.575	48.9	-106.9	34.1
0	0	0	0	0	0	0	0	0	0
0	0	0	0	0	0	0	0	0	0
3	737	0.011	0.0159	0.0058	0.167	4.046	70.3	-130.1	60
3	737	0.0103	0.024	0.0093	0.29	3.894	67.3	-177.3	47
0	0	0	0	0	0	0	0	0	0
3	737	0.0124	0.0825	0.0265	0.679	4.189	138.1	54.5	73.5
3	740	0.012	0.0247	0.0082	0.217	3.877	79	38.1	56.7
0	0	0	0	0	0	0	0	0	0
3	741	0.0119	0.0343	0.0116	0.321	3.852	59	-25.8	58.8
3	741	0.0102	0.0145	0.0057	0.177	3.995	89.1	172.5	50.3
3	742	0.0103	0.0237	0.0092	0.281	4.066	71.8	2	65.6
0	0	0	0	0	0	0	0	0	0
2	11	0.0133	0.0283	0.0085	0.204	2.448	61.3	27.1	114.4
2	11	0.0119	0.0702	0.0227	0.585	2.462	49.4	134.2	71.7
2	11	0.0115	0.0793	0.0268	0.731	2.441	46.3	46.6	51.9
0	0	0	0	0	0	0	0	0	0
4	747	0.0158	0.0661	0.0167	0.337	3.313	79.1	-69.1	51.8
0	0	0	0	0	0	0	0	0	0
0	0	0	0	0	0	0	0	0	0
0	0	0	0	0	0	0	0	0	0
3	220	0.0121	0.0922	0.0286	0.708	3.463	77.1	47.1	77.8
3	220	0.0139	0.1113	0.023	0.402	3.464	43.2	7.9	85.3
3	220	0.0109	0.0173	0.0064	0.188	3.44	60.2	-63.6	35.4
3	220	0.0112	0.1226	0.0442	1.27	3.508	158.2	38.2	91.1
0	0	0	0	0	0	0	0	0	0
4	765	0.0128	0.0655	0.0199	0.484	3.08	56.1	37.6	154.6
4	765	0.0133	0.078	0.0227	0.531	3.089	71.2	81.7	33.3
5	1452	0.0139	0.0509	0.0156	0.381	2.973	98	23.7	79.1
3	228	0.005	0.0096	0.0077	0.489	3.825	16.5	136	33.9
3	228	0.0108	0.0185	0.0069	0.202	3.578	87.8	-104.8	63.8
0	0	0	0	0	0	0	0	0	0
3	228	0.0143	0.0426	0.0121	0.276	3.618	90.5	8.4	64.6
3	228	0.0119	0.0424	0.0136	0.346	3.576	51.3	168	83.6
3	228	0.0141	0.0628	0.0173	0.383	3.873	44.2	135.6	62.3
0	0	0	0	0	0	0	0	0	0
0	0	0	0	0	0	0	0	0	0
3	231	0.0104	0.0409	0.0157	0.48	3.833	59.7	-11.3	86.8
0	0	0	0	0	0	0	0	0	0
3	231	0.0148	0.1695	0.0459	0.99	4.289	155.1	-100.2	133.2
3	231	0.0142	0.0888	0.0248	0.552	4.216	67.2	157.6	133.6
3	231	0.0117	0.0872	0.0292	0.782	4.045	114.7	-71.3	111.4
3	231	0.0122	0.0771	0.0241	0.603	4.215	96.9	170.3	87.2
4	771	0.0125	0.1062	0.0319	0.766	3.543	132.6	9.8	111.7
0	0	0	0	0	0	0	0	0	0
5	772	0.013	0.0203	0.0062	0.153	3.953	81.9	2.8	58.3
5	1454	0.0115	0.026	0.009	0.249	3.956	74	-121.9	57
5	1454	0.0101	0.0217	0.0086	0.273	3.946	47.4	142	81.8
0	0	0	0	0	0	0	0	0	0
0	0	0	0	0	0	0	0	0	0
3	247	0.0139	0.0385	0.011	0.252	3.838	91.8	-3.5	83.4
3	247	0.0137	0.0334	0.0098	0.227	3.746	37.7	-171.2	113.4
4	785	0.0157	0.0479	0.0142	0.342	3.893	66.4	130.2	63.5
3	1351	0.0115	0.0479	0.0142	0.34	4.238	62.5	165.1	74.5
3	1351	0.0121	0.0608	0.0194	0.496	4.27	51	91.8	68.3
3	1351	0.0129	0.0799	0.0234	0.547	4.338	73.6	28.4	63.4
0	0	0	0	0	0	0	0	0	0
4	810	0.005	0.0019	0.0015	0.095	7.14	119	83.4	103.6
0	0	0	0	0	0	0	0	0	0
4	287	0.0103	0.0593	0.0185	0.482	3.657	73.1	-24.6	73.4
4	287	0.0122	0.0129	0.0057	0.223	3.808	75.8	173.1	61.4
3	18	0.0125	0.038	0.0129	0.36	4.267	125	155.6	69.7
3	18	0.0139	0.1202	0.0323	0.694	4.163	97.5	134.1	94.9
3	18	0.0135	0.0299	0.0088	0.208	4.02	136.7	-129.3	85
0	0	0	0	0	0	0	0	0	0
3	18	0.0145	0.1676	0.0474	1.074	3.9	55.3	48.2	64.2
0	0	0	0	0	0	0	0	0	0
0	0	0	0	0	0	0	0	0	0
0	0	0	0	0	0	0	0	0	0
3	18	0.0136	0.1104	0.0323	0.752	4.818	170.4	129.1	163
4	831	0.013	0.0283	0.0087	0.212	4.352	98.6	132.4	137.7
0	0	0	0	0	0	0	0	0	0
0	0	0	0	0	0	0	0	0	0
5	315	0.0101	0.0323	0.0118	0.343	4.495	49.8	167.2	67.7
0	0	0	0	0	0	0	0	0	0
5	315	0.0101	0.0271	0.0107	0.335	4.761	47	154	73.2
4	853	0.0118	0.0228	0.0078	0.21	4.969	13	33.6	57.9
0	0	0	0	0	0	0	0	0	0
0	0	0	0	0	0	0	0	0	0
4	855	0.0135	0.0471	0.014	0.331	4.96	37.8	139.4	72.4
0	0	0	0	0	0	0	0	0	0
3	20	0.0133	0.0546	0.0155	0.35	5.298	64.5	-33.1	46.3
3	20	0.0122	0.0641	0.0194	0.47	5.327	72.6	-138.8	45.5
3	20	0.012	0.0621	0.0201	0.52	5.35	37.6	56.7	37.3
4	1413	0.0117	0.0362	0.0119	0.312	4.125	43.3	9.5	19.7
3	24	0.0144	0.0697	0.019	0.413	5.774	55.4	-163.7	49
4	876	0.0143	0.1134	0.0317	0.705	6.204	133.3	38.8	101.2
4	876	0.0159	0.1237	0.0325	0.683	5.952	72	143	120.8
4	878	0.0115	0.0366	0.0122	0.324	5.393	37.7	-119.9	68.3
4	878	0.0112	0.0515	0.0171	0.453	5.447	49.9	-120.7	35.9
4	878	0.012	0.0485	0.0159	0.416	5.411	51.3	147.8	50.5
5	886	0.0142	0.0686	0.0197	0.451	4.156	103.5	102.6	57.6
5	886	0.0121	0.027	0.0089	0.236	4.198	78.6	158.8	86
5	886	0.0124	0.0288	0.0093	0.24	4.111	24.6	-117.7	82.1
5	886	0.015	0.1048	0.0292	0.65	4.174	64.3	-50.7	82.8
5	886	0.0123	0.0421	0.0136	0.352	4.34	26.1	163.6	45.6
4	351	0.0143	0.0289	0.0088	0.214	4.45	31.7	159.8	22.9
4	354	0.0159	0.0485	0.0122	0.243	4.361	106.6	50.8	108
4	356	0.0122	0.0295	0.0096	0.25	4.794	85.7	45.6	75.3
4	356	0.0159	0.0281	0.0071	0.141	4.778	83.2	-134.8	87.2
4	356	0.0136	0.0351	0.0103	0.242	4.871	65.4	-85.8	17.8
0	0	0	0	0	0	0	0	0	0
0	0	0	0	0	0	0	0	0	0
3	31	0.0143	0.0888	0.0252	0.567	6.101	40.5	-104.5	51.7
0	0	0	0	0	0	0	0	0	0
4	1418	0.0084	0.0065	0.0031	0.116	4.738	27	-23.2	71.5
4	1418	0.0141	0.077	0.0218	0.493	4.418	137.5	101.7	52.2
0	0	0	0	0	0	0	0	0	0
0	0	0	0	0	0	0	0	0	0
4	1418	0.0201	0.0546	0.0109	0.173	4.476	43.5	-99.3	115.7
4	1418	0.0142	0.0464	0.0131	0.294	4.457	63.3	84.8	69
4	1418	0.0076	0.0241	0.0126	0.526	4.825	15.4	71.4	16.3
4	1418	0.0124	0.0418	0.0126	0.306	4.613	68.1	-42.4	88.1
4	1418	0.0134	0.0437	0.0131	0.311	4.642	76.2	118.8	60.9
4	1418	0.0155	0.0601	0.0159	0.334	4.839	42.4	26.2	71.2
0	0	0	0	0	0	0	0	0	0
6	947	0.0121	0.0243	0.0081	0.213	4.63	113	102.6	70.4
0	0	0	0	0	0	0	0	0	0
4	35	0.0167	0.0731	0.0183	0.367	5.445	51.6	87.1	60.9
4	35	0.0137	0.0973	0.0283	0.656	5.451	60.5	-56.5	46.5
5	425	0.012	0.0299	0.0102	0.277	5.686	126.4	21.1	71.3
5	425	0.0121	0.0695	0.0209	0.504	5.561	110.9	8.3	68.6
5	425	0.0109	0.0248	0.0091	0.265	5.596	112.6	171.5	63.6
4	39	0.0151	0.1433	0.0404	0.909	5.353	50	-171.2	78.2
0	0	0	0	0	0	0	0	0	0
0	0	0	0	0	0	0	0	0	0
4	39	0.0118	0.0332	0.0112	0.303	5.592	68.2	52.9	77.5
4	39	0.006	0.0044	0.0029	0.157	5.655	7.8	118.9	57.2
0	0	0	0	0	0	0	0	0	0
0	0	0	0	0	0	0	0	0	0
0	0	0	0	0	0	0	0	0	0
0	0	0	0	0	0	0	0	0	0
3	59	0.014	0.0349	0.0106	0.26	1.891	42.7	-162.3	111.5
5	997	0.0144	0.0301	0.0083	0.184	2.088	108.3	-78.4	146.9
5	1423	0.0124	0.0323	0.0104	0.267	2.044	20.6	-120.9	138.8
0	0	0	0	0	0	0	0	0	0
5	1019	0.0111	0.0433	0.0156	0.446	3.179	95.5	171.8	163.9
4	1026	0.011	0.0257	0.0093	0.269	2.024	117.7	173	75.1
3	66	0.0117	0.0294	0.01	0.272	2.161	57.5	-144.1	66.8
3	1029	0.0117	0.0146	0.005	0.135	3.457	43.9	-134	55.8
3	1029	0.0104	0.0408	0.0153	0.457	3.502	59.1	137.9	61
0	0	0	0	0	0	0	0	0	0
3	1029	0.0095	0.0508	0.0177	0.496	3.515	18.9	-163.9	22.3
0	0	0	0	0	0	0	0	0	0
2	2	0.0119	0.0392	0.0132	0.352	3.561	72.5	83.7	58.4
0	0	0	0	0	0	0	0	0	0
2	2	0.0103	0.0326	0.0114	0.322	3.812	50.2	144.9	67.8
3	77	0.0115	0.0599	0.0212	0.599	2.782	11.8	173.9	58.1
3	77	0.0103	0.0272	0.0106	0.327	2.866	126.3	-102.6	62.7
0	0	0	0	0	0	0	0	0	0
5	1036	0.0119	0.0348	0.0117	0.313	2.629	75.7	70.8	102.9
5	1036	0.0131	0.0785	0.0229	0.534	2.584	15	119.1	63.9
4	540	0.0063	0.0059	0.0037	0.187	2.64	46	54.9	99.6
4	540	0.0124	0.0524	0.0174	0.459	2.636	116.4	52.2	54
5	1431	0.0117	0.0962	0.0323	0.866	2.283	162.6	175.3	99.8
6	1039	0.0066	0.0285	0.0172	0.822	2.472	91.8	-122	89.5
0	0	0	0	0	0	0	0	0	0
4	1369	0.0113	0.0213	0.0075	0.211	2.16	68	154.4	82.2
2	3	0.0094	0.0322	0.0117	0.341	2.013	60.7	5.5	100.5
2	3	0.0121	0.0379	0.0129	0.351	2.023	39.9	71.6	87.2
2	3	0.0104	0.0193	0.008	0.267	2.047	62.3	168.6	13.2
3	79	0.0134	0.0522	0.0161	0.397	2.447	86.8	-86.5	113.1
7	1052	0.01	0.0545	0.0177	0.467	1.61	85.1	172.9	57.1
6	1054	0.0105	0.0239	0.0091	0.274	1.774	63.3	-15.3	80.8
5	1056	0.0087	0.0106	0.0049	0.179	2.069	51.2	74.1	119.6
4	572	0.0105	0.0302	0.0116	0.352	2.392	50.8	-100.6	22
4	572	0.0115	0.0355	0.012	0.324	2.406	50	-52.3	88.2
4	1068	0.0099	0.0273	0.0091	0.246	3.872	84.8	152.2	33.7
4	1068	0.005	0.027	0.0216	1.376	4.189	22.1	-117.8	130.6
4	1068	0.005	0.0046	0.0037	0.235	4.292	91.1	-73.1	58
3	100	0.0121	0.0181	0.006	0.159	3.767	77.1	121.1	107.9
0	0	0	0	0	0	0	0	0	0
0	0	0	0	0	0	0	0	0	0
0	0	0	0	0	0	0	0	0	0
0	0	0	0	0	0	0	0	0	0
4	1089	0.0083	0.0372	0.018	0.692	2.843	105.8	-114.3	82.5
5	1095	0.0122	0.034	0.0112	0.293	2.874	67.9	86.3	75.9
5	1095	0.0146	0.0488	0.0158	0.409	3.04	61.6	171.3	36.3
4	1101	0.0082	0.058	0.0282	1.091	2.525	33	2.3	111.5
0	0	0	0	0	0	0	0	0	0
3	159	0.0115	0.0278	0.0097	0.269	2.591	145.9	-35.2	85.6
3	159	0.0129	0.0325	0.011	0.302	2.46	141.4	40.5	42.3
3	159	0.0145	0.0539	0.0148	0.325	2.298	117.6	58.2	93.8
0	0	0	0	0	0	0	0	0	0
0	0	0	0	0	0	0	0	0	0
4	1159	0.0112	0.0524	0.0181	0.498	3.917	84.9	59.7	57.8
5	1161	0.0154	0.0749	0.0194	0.399	3.505	48.9	2.6	67.2
4	1180	0.0155	0.061	0.0157	0.323	4.492	77.7	-116.4	46.7
0	0	0	0	0	0	0	0	0	0
4	1183	0.0112	0.0222	0.0079	0.225	4.048	66.8	-27.9	55.2
4	1183	0.009	0.0192	0.0081	0.273	4.278	49.9	15.2	84.4
4	831	0.0135	0.048	0.0142	0.336	4.341	89.6	122.3	78.9
4	831	0.0146	0.0349	0.0095	0.208	4.772	167.4	17.3	149.4
0	0	0	0	0	0	0	0	0	0
3	24	0.0133	0.0536	0.0149	0.329	5.737	59.8	-85.6	61.8
3	24	0.0145	0.0623	0.0176	0.397	5.757	62.3	74.7	61.8
3	24	0.0139	0.0676	0.0191	0.432	5.775	46.5	-35.5	51.2
5	1205	0.0143	0.0003	0.0001	0.002	5.998	82.6	-7.5	83.7
0	0	0	0	0	0	0	0	0	0
0	0	0	0	0	0	0	0	0	0
0	0	0	0	0	0	0	0	0	0
0	0	0	0	0	0	0	0	0	0
0	0	0	0	0	0	0	0	0	0
4	1265	0.0054	0.0068	0.005	0.297	3.015	94.4	-99.1	91.7
0	0	0	0	0	0	0	0	0	0
0	0	0	0	0	0	0	0	0	0
4	540	0.0092	0.0445	0.0158	0.451	2.644	97.6	58.1	114.2
0	0	0	0	0	0	0	0	0	0
6	1272	0.0105	0.0536	0.0196	0.573	2.272	17.9	174	72.4
7	1512	0.0112	0.0701	0.0252	0.722	2.447	29.1	0.6	65.1
0	0	0	0	0	0	0	0	0	0
3	159	0.0077	0.0102	0.0053	0.218	2.531	71.1	135.5	42.1
3	159	0.0135	0.048	0.0142	0.334	2.725	54.2	84.5	77.1
3	59	0.0096	0.0174	0.0073	0.241	1.908	52.2	101	70.5
3	59	0.0104	0.0194	0.0075	0.23	1.932	67.2	123.5	67.6
4	540	0.0119	0.0464	0.0155	0.414	2.827	151.5	97.4	83.9
0	0	0	0	0	0	0	0	0	0
0	0	0	0	0	0	0	0	0	0
0	0	0	0	0	0	0	0	0	0
4	540	0.0114	0.0257	0.0109	0.373	2.793	61.6	-28.7	75.1
1	1	0.123	16.3458	0.8213	3.814	3.513	1.7	-103.3	8.4
2	2	0.0159	0.4551	0.1169	2.409	2.683	62.7	-26.8	56.1
2	3	0.0326	0.6622	0.1269	2.052	1.97	73.3	-17.1	93.8
2	4	0.0143	0.1684	0.0471	1.048	4.243	96.4	-128	92.6
2	6	0.013	0.052	0.0158	0.381	3.514	40	-138.1	65.7
2	8	0.0251	0.3728	0.0634	0.862	2.374	47.7	-58.1	93.6
2	9	0.0356	0.5721	0.096	1.375	2.76	95.3	-42.7	75.8
2	10	0.0133	0.1719	0.047	1.041	3.541	49.4	-163.4	69.2
2	11	0.005	0.0126	0.0101	0.64	2.671	89.4	160.7	75.6
2	12	0.0151	0.4663	0.1111	2.18	3.182	41.9	-42.5	54.2
2	13	0.0113	0.035	0.0124	0.349	2.934	74.8	-2.7	31
2	14	0.0155	0.3313	0.0924	2.073	3.498	33.8	79.1	29.9
2	15	0.005	0.006	0.0048	0.304	3.015	106.5	111.3	106.8
2	16	0.0159	0.2225	0.0619	1.377	3.895	109.2	118.6	90.1
2	17	0.0173	0.3394	0.0679	1.098	7.194	82.6	177.1	74.6
2	1338	0.0758	4.4344	0.3797	3.368	4.693	28	160.8	9.5
2	258	0.0123	0.104	0.032	0.782	3.316	55.8	32.7	95.8
2	260	0.016	0.2755	0.069	1.376	5.676	60.7	-41.6	83.2
0	0	0	0	0	0	0	0	0	0
2	267	0.0125	0.0601	0.0188	0.468	7.009	59.7	-12.9	116.5
2	272	0.0197	0.0728	0.0148	0.238	6.409	148.2	137.9	15.7
3	59	0.0127	0.0246	0.0078	0.195	1.945	61.1	109	95.7
3	61	0.0106	0.1139	0.0359	0.912	2.217	55.4	-47.9	65.6
3	62	0.017	0.4321	0.106	2.083	3.227	18.6	53.3	102.3
3	63	0.0113	0.0314	0.0113	0.325	3.2	37.9	-74.7	79.4
3	66	0.0172	0.2984	0.0626	1.056	1.925	138.9	123.3	99.5
3	67	0.0043	0.0043	0.004	0.294	2.32	57.8	92.9	94.6
3	71	0.0195	0.0728	0.0149	0.244	2.881	103	-92.7	77.4
3	1339	0.0151	0.1198	0.0317	0.669	2.678	80.3	-153.1	58
3	518	0.0108	0.0448	0.0153	0.42	3.475	54.6	-129.5	55.1
3	1029	0.0112	0.0312	0.011	0.311	3.608	38.9	-104.1	53.8
3	77	0.0278	0.5842	0.1091	1.722	2.155	11	109.2	78.9
3	79	0.0116	0.117	0.0385	1.016	2.224	50.8	37.9	95.4
3	1340	0.0159	0.2708	0.0739	1.654	1.934	116.8	-70.7	116.8
3	1046	0.0144	0.0638	0.0175	0.382	1.933	6	99.2	54.6
3	84	0.005	0.0072	0.0058	0.366	1.958	93.6	101.7	73.4
3	85	0.028	0.2756	0.0394	0.449	3.076	60.9	51.4	65
3	90	0.0133	0.0407	0.0136	0.369	2.972	66.7	120.4	10.7
3	91	0.0119	0.0301	0.0101	0.271	2.845	147.5	3.3	54.2
3	95	0.0105	0.04	0.0152	0.461	3.248	118.6	42.4	93.1
3	100	0.017	0.1705	0.0401	0.752	3.969	40.9	96.6	147.8
3	101	0.0091	0.1189	0.0358	0.874	3.507	68.8	8.7	95.6
3	104	0.0165	0.1406	0.034	0.654	3.917	62.5	-93.1	51.8
3	1341	0.0145	0.1142	0.0311	0.675	4.026	166.7	-58.5	88.2
3	120	0.021	0.0547	0.0104	0.158	2.191	147.7	-41.8	76.6
3	121	0.0192	0.0785	0.0164	0.272	2.283	2.9	-58.8	82.8
3	123	0.005	0.0044	0.0035	0.224	2.28	23	-41.4	19.4
3	128	0.0117	0.0218	0.0075	0.204	2.618	56.7	-58.1	65.9
3	130	0.0106	0.0334	0.0126	0.378	2.629	65.9	110.2	132.9
3	137	0.0168	0.4039	0.1042	2.182	2.885	157.2	-20.7	109.2
3	141	0.0129	0.0444	0.0146	0.381	3.285	67.8	-162.2	79.5
3	146	0.0116	0.0585	0.0202	0.553	2.944	49.3	55.6	73.7
3	147	0.005	0.0147	0.0117	0.747	3.003	94.9	-136.9	42.2
3	159	0.0164	0.1042	0.0272	0.57	2.623	52.3	-172.4	132.2
3	165	0.0168	0.1698	0.0387	0.702	2.851	114.7	-73	116.3
3	1344	0.0182	0.254	0.0655	1.418	2.584	93.3	-129.9	127.9
3	179	0.0127	0.022	0.0069	0.173	3.22	50.8	-67.5	103.4
3	180	0.005	0.0067	0.0053	0.34	2.934	67.9	-165.6	71.5
3	182	0.0178	0.0595	0.0134	0.239	3.204	73.2	-33.4	126.7
3	189	0.0174	0.1529	0.0383	0.768	3.357	59.7	83.8	120
3	1345	0.0125	0.0343	0.0109	0.278	3.755	78.7	-78.5	83.5
0	0	0	0	0	0	0	0	0	0
3	1346	0.005	0.0179	0.0115	0.605	2.688	35.6	147.6	108.7
3	220	0.0135	0.0366	0.0109	0.257	3.201	35.5	-15.5	82.8
0	0	0	0	0	0	0	0	0	0
3	223	0.0225	0.0885	0.019	0.346	3.384	49	59	143.8
3	224	0.0127	0.0809	0.0258	0.658	3.145	53.5	156.2	98.5
3	228	0.0073	0.0134	0.0074	0.322	3.346	135.6	-78.1	121.6
3	231	0.0158	0.1249	0.034	0.738	3.69	27.4	-113.1	72.9
3	1349	0.0127	0.117	0.0345	0.814	4.037	7.8	153.1	3.2
3	244	0.0136	0.0471	0.0138	0.323	3.493	46.6	-149	124
3	247	0.0154	0.0397	0.0103	0.213	3.705	65.8	-0.9	71.1
3	1351	0.0151	0.2052	0.055	1.178	3.887	77.6	41.9	69.4
3	273	0.0134	0.0379	0.0112	0.264	7.275	25	107	32.4
3	18	0.0112	0.315	0.1044	2.766	3.45	120.9	14.4	42.9
3	20	0.026	0.4723	0.1084	2.101	3.961	56.1	70.4	94.9
3	23	0.0139	0.0774	0.0226	0.543	4.158	81.9	7.7	89.2
3	24	0.0145	0.1439	0.0417	0.968	4.654	65.6	151.6	26
3	26	0.0141	0.0631	0.0175	0.387	5.624	138.6	-61.2	57.5
3	28	0.0149	0.0589	0.0149	0.306	4.092	81.7	-133.7	40.7
3	31	0.0325	1.5443	0.2569	3.698	4.93	61.2	48.6	79.2
3	32	0.0115	0.0557	0.0178	0.456	4.637	26	-98.9	63.3
3	1353	0.0335	1.0952	0.1331	1.328	5.716	52.1	88.4	69.8
3	1354	0.0156	0.2537	0.0655	1.348	3.299	22.9	37.2	73.4
3	1357	0.0065	0.0149	0.0091	0.445	6.944	44	105.3	73.4
4	474	0.0112	0.0643	0.0232	0.668	2.077	42.1	-3.3	77.4
4	1004	0.0116	0.0743	0.0243	0.633	2.484	41.9	-104.6	85
4	1005	0.005	0.0103	0.0082	0.525	2.862	153	95.9	119.7
4	1361	0.005	0.0115	0.0092	0.586	3.132	81.1	-44.6	55.1
4	496	0.005	0.0108	0.0086	0.55	2.171	139.2	69.1	96.7
4	1363	0.0189	0.1741	0.0369	0.623	1.965	92.1	141.3	64.7
0	0	0	0	0	0	0	0	0	0
4	513	0.0123	0.0197	0.0064	0.167	2.673	3.4	176.2	39.2
4	540	0.0125	0.1209	0.0408	1.102	2.544	2.8	-83.3	144.7
4	1369	0.029	0.1314	0.0181	0.199	2.165	84.7	20.3	114.9
4	1371	0.0144	0.1234	0.0383	0.961	1.928	40	-93.4	112.9
0	0	0	0	0	0	0	0	0	0
4	572	0.0103	0.017	0.0066	0.203	2.226	72.6	47.1	42
4	580	0.005	0.0132	0.0105	0.67	2.581	105.6	51.9	74.6
4	582	0.0148	0.0349	0.0095	0.204	2.705	69.7	-140.1	139.2
4	1379	0.0106	0.0271	0.011	0.357	3.512	107.2	-100.3	39.3
4	609	0.014	0.0636	0.0183	0.42	4.568	47.5	11.1	126.1
4	650	0.0182	0.1243	0.0274	0.479	2.656	145.9	95.5	83.3
4	656	0.005	0.0083	0.0066	0.421	2.728	31.6	-71.3	74
4	658	0.0144	0.0595	0.0174	0.406	2.833	18.5	59.6	108.8
4	1387	0.0051	0.0132	0.0103	0.643	2.747	172.6	-161.7	67.3
4	1389	0.0121	0.0291	0.0095	0.249	2.991	7	60.3	78
4	683	0.005	0.0024	0.0019	0.121	3.124	84.4	-89.4	105.1
4	173	0.0113	0.0498	0.0176	0.495	2.595	29.5	40.5	72.3
4	1393	0.0124	0.164	0.0543	1.437	2.488	129.4	-13.4	111.5
4	1397	0.012	0.0543	0.0152	0.345	3.266	103.1	83.9	110.4
4	745	0.005	0.0077	0.0061	0.39	2.925	9.1	95.7	87.7
4	747	0.0123	0.1012	0.0333	0.872	3.153	156.7	49.1	49.4
4	1139	0.0123	0.0212	0.0069	0.178	3.385	33.5	66.1	159
4	765	0.0133	0.0567	0.017	0.405	3.078	115.5	-63.4	150.2
4	1406	0.0128	0.0209	0.0065	0.162	3.746	48.7	73.8	92.3
4	232	0.0153	0.1748	0.0508	1.182	3.693	146.9	-110.1	96.3
4	233	0.0142	0.035	0.0098	0.22	3.623	66.9	92.4	55
4	1408	0.0129	0.0255	0.0079	0.196	3.476	135	-97.3	84.3
4	1410	0.0125	0.0667	0.0197	0.463	4.353	56.2	-0.4	74.9
4	287	0.0192	0.3713	0.0934	2.018	3.659	60.5	-3	142.7
4	298	0.005	0.0038	0.0031	0.195	4.445	67.9	93.7	99.1
4	1412	0.0148	0.13	0.0372	0.851	4.438	54	148.5	33.8
4	831	0.0192	0.1869	0.043	0.806	4.277	67.4	31.9	95.7
4	1180	0.0148	0.0511	0.0138	0.296	4.166	156.7	-3.7	126.4
4	322	0.005	0.0228	0.0183	1.162	3.544	72.4	135.6	67.2
4	1413	0.0204	0.3138	0.0721	1.386	3.961	69.4	-179.9	90.5
4	857	0.0132	0.0889	0.027	0.654	4.76	71.1	82	63.8
4	1414	0.0132	0.0659	0.02	0.481	4.155	101.8	-77.2	127.2
4	344	0.0138	0.1095	0.0318	0.736	4.81	49.3	1.1	52.9
4	1415	0.011	0.0638	0.0199	0.497	4.745	70.8	140.2	39.1
4	351	0.0126	0.0546	0.0181	0.479	4.417	50.2	81.6	59.1
4	354	0.005	0.0072	0.0058	0.368	4.384	39.2	75.7	66.3
4	356	0.0136	0.0562	0.0168	0.402	4.575	45.4	-166.8	85.7
4	357	0.0144	0.0505	0.014	0.311	4.58	102.1	-2.1	74.2
4	360	0.0139	0.1208	0.0341	0.766	5.662	168.3	-2.8	149.3
4	1418	0.0182	0.2928	0.0659	1.193	4.764	161.2	46.7	49.8
4	35	0.0189	0.7643	0.179	3.404	4.705	57.2	-65.2	118.6
4	39	0.0146	0.2599	0.0671	1.385	4.995	7.4	-162.2	22.9
4	44	0.0113	0.0485	0.0149	0.371	5.102	14.7	103.2	81.4
4	48	0.0187	0.0833	0.0179	0.304	5.318	19.9	91.4	63.8
4	50	0.0158	0.0961	0.0215	0.387	5.452	3.1	160.5	58.3
4	52	0.0198	0.3765	0.0803	1.394	5.913	37.9	-53.1	20.2
4	53	0.0173	0.0934	0.0237	0.504	6.007	96.7	-38.6	99.8
4	1420	0.0237	0.1271	0.0288	0.565	6.187	137.9	-67.9	132
4	459	0.0148	0.0777	0.0219	0.495	5.827	16.5	145.6	56
4	1422	0.0062	0.004	0.0026	0.133	6.941	105.2	34	175.6
5	1423	0.0107	0.0388	0.0146	0.436	2.079	25.3	-1.6	106
5	1019	0.0132	0.0682	0.0207	0.499	3.186	101.3	156.1	56.7
5	1431	0.0139	0.1022	0.0294	0.674	2.458	96.2	-114	32.3
5	1433	0.0136	0.0444	0.0131	0.307	1.811	94.9	-139.5	72.6
5	557	0.0113	0.0859	0.0312	0.902	1.585	90.3	-143.6	62.2
5	1446	0.0107	0.0375	0.014	0.418	2.664	53.6	8.9	100.5
0	0	0	0	0	0	0	0	0	0
0	0	0	0	0	0	0	0	0	0
0	0	0	0	0	0	0	0	0	0
5	1460	0.0143	0.0743	0.0208	0.462	4.439	32.1	161.9	62.8
0	0	0	0	0	0	0	0	0	0
5	858	0.0101	0.0138	0.0055	0.173	4.052	71	44.2	69.3
0	0	0	0	0	0	0	0	0	0
5	1467	0.0143	0.3932	0.11	2.45	4.81	107	-40	93.1
5	1204	0.0138	0.0941	0.0273	0.632	6.13	73.7	38.7	27.5
5	889	0.0144	0.0313	0.0087	0.192	4.526	87	-3.7	104.4
0	0	0	0	0	0	0	0	0	0
5	364	0.0199	0.0969	0.0195	0.313	5.394	97.1	174	51.2
5	367	0.0134	0.0345	0.0111	0.311	5.463	133.4	-54.6	123
5	374	0.0085	0.0376	0.0177	0.666	5.788	104.9	-37	71.2
5	381	0.0052	0.0122	0.0093	0.564	4.688	37	-96.2	126
5	1474	0.0134	0.0683	0.0203	0.481	5.072	14.3	51.7	65.1
5	396	0.0138	0.2386	0.0691	1.594	5.152	60.6	-154.8	44.2
5	1475	0.0203	0.2139	0.0496	0.943	5.168	39.4	-137.8	124.6
5	1237	0.0131	0.0386	0.0104	0.227	5.622	30.7	-50.2	42.7
5	425	0.0169	0.111	0.031	0.699	5.933	176	90.6	34.6
5	1480	0.0123	0.1989	0.063	1.59	6.924	168.2	-145.6	150.7
6	1039	0.0119	0.081	0.0312	1.049	2.384	35	17.3	79.6
6	1488	0.0129	0.1404	0.0436	1.076	1.829	60.8	100.4	83.7
6	1490	0.0101	0.0201	0.0079	0.248	2.61	128.1	-125.4	114.5
0	0	0.0106	0.0109	0.0041	0.123	4.368	0	165.3	93.9
6	908	0.005	0.0069	0.0055	0.353	5.328	86.1	-162.6	94.9
6	1503	0.0143	0.1098	0.0322	0.753	5.35	5.7	9.5	155.5
6	923	0.0158	0.0702	0.0179	0.363	5.613	75.6	-117.9	68.9
6	945	0.0141	0.0576	0.0163	0.368	5.012	55.1	63.8	84.4
6	949	0.0135	0.1056	0.0313	0.736	4.6	54.9	45.9	93.6
6	1506	0.0128	0.0465	0.0146	0.366	5.11	84	-12.8	140.2
6	1507	0.015	0.0493	0.0132	0.28	5.925	44.4	176.9	13.4
7	1512	0.0113	0.0319	0.0113	0.319	2.396	88	-64.1	120.7
7	986	0.0136	0.0592	0.0174	0.405	6.657	24.9	61.6	148.6
